    1     1  1.0078250321e+00 
    1     2  2.0141017778e+00 
    1     3  3.0160492777e+00 
    1     4  4.0278111000e+00 
    1     5  5.0353111000e+00 
    1     6  6.0449428000e+00 
    1     7  7.0527510800e+00 
    2     3  3.0160293191e+00 
    2     4  4.0026032542e+00 
    2     5  5.0122205000e+00 
    2     6  6.0188891800e+00 
    2     7  7.0280211800e+00 
    2     8  8.0339227000e+00 
    2     9  9.0439503000e+00 
    2    10  1.0052400800e+01 
    3     3  3.0307821500e+00 
    3     4  4.0271923000e+00 
    3     5  5.0125405000e+00 
    3     6  6.0151227952e+00 
    3     7  7.0160045580e+00 
    3     8  8.0224873610e+00 
    3     9  9.0267895210e+00 
    3    10  1.0035481160e+01 
    3    11  1.1043798210e+01 
    3    12  1.2053781070e+01 
    4     5  5.0407942900e+00 
    4     6  6.0197266000e+00 
    4     7  7.0169298311e+00 
    4     8  8.0053051040e+00 
    4     9  9.0121822400e+00 
    4    10  1.0013533840e+01 
    4    11  1.1021658700e+01 
    4    12  1.2026921160e+01 
    4    13  1.3035690800e+01 
    4    14  1.4042891400e+01 
    4    15  1.5053465400e+01 
    4    16  1.6061925400e+01 
    5     6  6.0468175000e+00 
    5     7  7.0299208000e+00 
    5     8  8.0246072110e+00 
    5     9  9.0133288110e+00 
    5    10  1.0012937040e+01 
    5    11  1.1009305440e+01 
    5    12  1.2014352115e+01 
    5    13  1.3017780212e+01 
    5    14  1.4025404230e+01 
    5    15  1.5031103240e+01 
    5    16  1.6039810600e+01 
    5    17  1.7046991800e+01 
    5    18  1.8056178600e+01 
    5    19  1.9063734300e+01 
    6     8  8.0376752500e+00 
    6     9  9.0310367230e+00 
    6    10  1.0016853240e+01 
    6    11  1.1011433610e+01 
    6    12  1.2000000000e+01 
    6    13  1.3003354838e+01 
    6    14  1.4003241989e+01 
    6    15  1.5010599390e+01 
    6    16  1.6014701400e+01 
    6    17  1.7022586190e+01 
    6    18  1.8026760300e+01 
    6    19  1.9034811100e+01 
    6    20  2.0040322600e+01 
    6    21  2.1049345400e+01 
    6    22  2.2057209700e+01 
    7    10  1.0041654300e+01 
    7    11  1.1026090500e+01 
    7    12  1.2018613211e+01 
    7    13  1.3005738613e+01 
    7    14  1.4003074005e+01 
    7    15  1.5000108898e+01 
    7    16  1.6006101728e+01 
    7    17  1.7008450160e+01 
    7    18  1.8014079200e+01 
    7    19  1.9017029180e+01 
    7    20  2.0023370600e+01 
    7    21  2.1027111000e+01 
    7    22  2.2034392100e+01 
    7    23  2.3041223200e+01 
    7    24  2.4051044300e+01 
    7    25  2.5060665400e+01 
    8    12  1.2034405200e+01 
    8    13  1.3024812100e+01 
    8    14  1.4008596251e+01 
    8    15  1.5003065650e+01 
    8    16  1.5994914620e+01 
    8    17  1.6999131701e+01 
    8    18  1.7999161070e+01 
    8    19  1.9003580300e+01 
    8    20  2.0004076712e+01 
    8    21  2.1008656130e+01 
    8    22  2.2009970600e+01 
    8    23  2.3015691300e+01 
    8    24  2.4020472500e+01 
    8    25  2.5029462800e+01 
    8    26  2.6038342800e+01 
    8    27  2.7048265400e+01 
    8    28  2.8057816400e+01 
    9    14  1.4035064300e+01 
    9    15  1.5018011400e+01 
    9    16  1.6011466900e+01 
    9    17  1.7002095243e+01 
    9    18  1.8000938060e+01 
    9    19  1.8998403227e+01 
    9    20  1.9999981328e+01 
    9    21  2.0999949019e+01 
    9    22  2.2002999130e+01 
    9    23  2.3003570900e+01 
    9    24  2.4008120800e+01 
    9    25  2.5012101100e+01 
    9    26  2.6019621800e+01 
    9    27  2.7026764000e+01 
    9    28  2.8035675500e+01 
    9    29  2.9043266200e+01 
    9    30  3.0052506400e+01 
    9    31  3.1060436400e+01 
   10    16  1.6025761220e+01 
   10    17  1.7017672290e+01 
   10    18  1.8005708230e+01 
   10    19  1.9001880230e+01 
   10    20  1.9992440175e+01 
   10    21  2.0993846684e+01 
   10    22  2.1991385114e+01 
   10    23  2.2994466901e+01 
   10    24  2.3993610840e+01 
   10    25  2.4997737280e+01 
   10    26  2.6000461290e+01 
   10    27  2.7007591200e+01 
   10    28  2.8012071600e+01 
   10    29  2.9019392900e+01 
   10    30  3.0024806100e+01 
   10    31  3.1033119700e+01 
   10    32  3.2040028600e+01 
   10    33  3.3049388600e+01 
   10    34  3.4057038700e+01 
   11    18  1.8025970500e+01 
   11    19  1.9013877130e+01 
   11    20  2.0007351700e+01 
   11    21  2.0997655280e+01 
   11    22  2.1994436440e+01 
   11    23  2.2989769281e+01 
   11    24  2.3990962788e+01 
   11    25  2.4989954013e+01 
   11    26  2.5992633600e+01 
   11    27  2.6994077400e+01 
   11    28  2.7998938140e+01 
   11    29  2.9002861140e+01 
   11    30  3.0008976270e+01 
   11    31  3.1013592300e+01 
   11    32  3.2020473800e+01 
   11    33  3.3026729400e+01 
   11    34  3.4035179600e+01 
   11    35  3.5042491020e+01 
   11    36  3.6051481020e+01 
   11    37  3.7059341030e+01 
   12    19  1.9035472700e+01 
   12    20  2.0018863290e+01 
   12    21  2.1011713180e+01 
   12    22  2.1999573814e+01 
   12    23  2.2994123714e+01 
   12    24  2.3985041700e+01 
   12    25  2.4985836923e+01 
   12    26  2.5982592929e+01 
   12    27  2.6984340595e+01 
   12    28  2.7983876822e+01 
   12    29  2.8988600150e+01 
   12    30  2.9990434900e+01 
   12    31  3.0996546130e+01 
   12    32  3.1998975190e+01 
   12    33  3.3005254210e+01 
   12    34  3.4009462500e+01 
   12    35  3.5017344300e+01 
   12    36  3.6023005400e+01 
   12    37  3.7031409700e+01 
   12    38  3.8037575400e+01 
   12    39  3.9046775500e+01 
   12    40  4.0053939700e+01 
   13    21  2.1028043200e+01 
   13    22  2.2019521000e+01 
   13    23  2.3007267200e+01 
   13    24  2.3999938930e+01 
   13    25  2.4990428150e+01 
   13    26  2.5986891696e+01 
   13    27  2.6981538631e+01 
   13    28  2.7981910311e+01 
   13    29  2.8980445013e+01 
   13    30  2.9982960150e+01 
   13    31  3.0983947220e+01 
   13    32  3.1988120900e+01 
   13    33  3.2990840800e+01 
   13    34  3.3996851200e+01 
   13    35  3.4999861900e+01 
   13    36  3.6006212300e+01 
   13    37  3.7010683600e+01 
   13    38  3.8017237800e+01 
   13    39  3.9022971580e+01 
   13    40  4.0031457500e+01 
   13    41  4.1038338600e+01 
   13    42  4.2046899700e+01 
   14    22  2.2034532200e+01 
   14    23  2.3025522100e+01 
   14    24  2.4011546210e+01 
   14    25  2.5004106110e+01 
   14    26  2.5992330300e+01 
   14    27  2.6986704912e+01 
   14    28  2.7976926533e+01 
   14    29  2.8976494700e+01 
   14    30  2.9973770173e+01 
   14    31  3.0975363234e+01 
   14    32  3.1974148085e+01 
   14    33  3.2978000170e+01 
   14    34  3.3978576150e+01 
   14    35  3.4984580400e+01 
   14    36  3.5986601300e+01 
   14    37  3.6992941800e+01 
   14    38  3.7995631500e+01 
   14    39  3.9002073600e+01 
   14    40  4.0005876000e+01 
   14    41  4.1014561980e+01 
   14    42  4.2019795400e+01 
   14    43  4.3028667500e+01 
   14    44  4.4035268600e+01 
   15    24  2.4034355400e+01 
   15    25  2.5020262100e+01 
   15    26  2.6011782100e+01 
   15    27  2.6999230280e+01 
   15    28  2.7992315400e+01 
   15    29  2.8981800660e+01 
   15    30  2.9978313830e+01 
   15    31  3.0973761632e+01 
   15    32  3.1973907272e+01 
   15    33  3.2971725512e+01 
   15    34  3.3973636500e+01 
   15    35  3.4973314120e+01 
   15    36  3.5978260140e+01 
   15    37  3.6979610400e+01 
   15    38  3.7984161100e+01 
   15    39  3.8986181100e+01 
   15    40  3.9991301500e+01 
   15    41  4.0994342300e+01 
   15    42  4.2001014800e+01 
   15    43  4.3006191040e+01 
   15    44  4.4012997500e+01 
   15    45  4.5019228600e+01 
   15    46  4.6027389700e+01 
   16    26  2.6027883200e+01 
   16    27  2.7018832200e+01 
   16    28  2.8004371700e+01 
   16    29  2.8996610500e+01 
   16    30  2.9984903300e+01 
   16    31  3.0979554716e+01 
   16    32  3.1972071002e+01 
   16    33  3.2971458762e+01 
   16    34  3.3967866901e+01 
   16    35  3.4969032161e+01 
   16    36  3.5967080762e+01 
   16    37  3.6971125572e+01 
   16    38  3.7971163800e+01 
   16    39  3.8975130500e+01 
   16    40  3.9975451500e+01 
   16    41  4.0979581300e+01 
   16    42  4.1981021300e+01 
   16    43  4.2987152200e+01 
   16    44  4.3990214200e+01 
   16    45  4.4996511870e+01 
   16    46  4.6000757500e+01 
   16    47  4.7008598600e+01 
   16    48  4.8014179700e+01 
   16    49  4.9023621020e+01 
   17    28  2.8028515400e+01 
   17    29  2.9014112100e+01 
   17    30  3.0004772100e+01 
   17    31  3.0992410500e+01 
   17    32  3.1985690700e+01 
   17    33  3.2977451950e+01 
   17    34  3.3973762822e+01 
   17    35  3.4968852684e+01 
   17    36  3.5968306988e+01 
   17    37  3.6965902595e+01 
   17    38  3.7968010431e+01 
   17    39  3.8968008219e+01 
   17    40  3.9970420300e+01 
   17    41  4.0970680700e+01 
   17    42  4.1973251500e+01 
   17    43  4.2974051700e+01 
   17    44  4.3978281200e+01 
   17    45  4.4980291300e+01 
   17    46  4.5984217700e+01 
   17    47  4.6988716400e+01 
   17    48  4.7994957500e+01 
   17    49  4.9000328600e+01 
   17    50  5.0007849700e+01 
   17    51  5.1014491070e+01 
   18    30  3.0021563200e+01 
   18    31  3.1012122200e+01 
   18    32  3.1997638019e+01 
   18    33  3.2989925750e+01 
   18    34  3.3980271240e+01 
   18    35  3.4975257680e+01 
   18    36  3.5967545106e+01 
   18    37  3.6966776322e+01 
   18    38  3.7962732440e+01 
   18    39  3.8964313500e+01 
   18    40  3.9962383123e+01 
   18    41  4.0964500640e+01 
   18    42  4.1963046600e+01 
   18    43  4.2965636600e+01 
   18    44  4.3964924017e+01 
   18    45  4.4968040060e+01 
   18    46  4.5968090400e+01 
   18    47  4.6972191100e+01 
   18    48  4.7974543200e+01 
   18    49  4.8980525400e+01 
   18    50  4.9984437500e+01 
   18    51  5.0991637500e+01 
   18    52  5.1996789700e+01 
   18    53  5.3004941070e+01 
   19    32  3.2021925400e+01 
   19    33  3.3007262100e+01 
   19    34  3.3998413200e+01 
   19    35  3.4988010210e+01 
   19    36  3.5981292800e+01 
   19    37  3.6973375891e+01 
   19    38  3.7969081250e+01 
   19    39  3.8963706682e+01 
   19    40  3.9963998482e+01 
   19    41  4.0961825762e+01 
   19    42  4.1962402812e+01 
   19    43  4.2960716100e+01 
   19    44  4.3961560400e+01 
   19    45  4.4960699110e+01 
   19    46  4.5961977170e+01 
   19    47  4.6961678900e+01 
   19    48  4.7965514260e+01 
   19    49  4.8967450800e+01 
   19    50  4.9972783000e+01 
   19    51  5.0976385400e+01 
   19    52  5.1982617500e+01 
   19    53  5.2987127500e+01 
   19    54  5.3994209700e+01 
   19    55  5.4999711070e+01 
   20    34  3.4014123200e+01 
   20    35  3.5004942100e+01 
   20    36  3.5993090400e+01 
   20    37  3.6985870240e+01 
   20    38  3.7976318500e+01 
   20    39  3.8970719720e+01 
   20    40  3.9962590982e+01 
   20    41  4.0962278063e+01 
   20    42  4.1958618013e+01 
   20    43  4.2958766630e+01 
   20    44  4.3955481840e+01 
   20    45  4.4956186640e+01 
   20    46  4.5953692624e+01 
   20    47  4.6954546024e+01 
   20    48  4.7952534400e+01 
   20    49  4.8955674400e+01 
   20    50  4.9957519100e+01 
   20    51  5.0961501000e+01 
   20    52  5.1965107500e+01 
   20    53  5.2970055400e+01 
   20    54  5.3974357500e+01 
   20    55  5.4980557500e+01 
   20    56  5.5985579700e+01 
   20    57  5.6992361070e+01 
   21    36  3.6014925400e+01 
   21    37  3.7003053200e+01 
   21    38  3.7994703200e+01 
   21    39  3.8984790260e+01 
   21    40  3.9977967300e+01 
   21    41  4.0969251132e+01 
   21    42  4.1965516433e+01 
   21    43  4.2961150720e+01 
   21    44  4.3959402819e+01 
   21    45  4.4955911990e+01 
   21    46  4.5955171990e+01 
   21    47  4.6952407522e+01 
   21    48  4.7952231600e+01 
   21    49  4.8950024400e+01 
   21    50  4.9952188170e+01 
   21    51  5.0953603220e+01 
   21    52  5.1956682100e+01 
   21    53  5.2959613200e+01 
   21    54  5.3963264000e+01 
   21    55  5.4968247900e+01 
   21    56  5.5972877500e+01 
   21    57  5.6977797500e+01 
   21    58  5.7983718600e+01 
   21    59  5.8989229700e+01 
   21    60  5.9995719700e+01 
   22    38  3.8009772700e+01 
   22    39  3.9001612200e+01 
   22    40  3.9990501700e+01 
   22    41  4.0983151100e+01 
   22    42  4.1973031600e+01 
   22    43  4.2968522700e+01 
   22    44  4.3959690180e+01 
   22    45  4.4958125611e+01 
   22    46  4.5952631690e+01 
   22    47  4.6951763190e+01 
   22    48  4.7947946390e+01 
   22    49  4.8947870090e+01 
   22    50  4.9944791290e+01 
   22    51  5.0946615010e+01 
   22    52  5.1946897800e+01 
   22    53  5.2949731100e+01 
   22    54  5.3951051300e+01 
   22    55  5.4955271600e+01 
   22    56  5.5958202100e+01 
   22    57  5.6963994900e+01 
   22    58  5.7966977500e+01 
   22    59  5.8972937500e+01 
   22    60  5.9976768600e+01 
   22    61  6.0983209700e+01 
   22    62  6.1987499700e+01 
   22    63  6.2994421070e+01 
   23    40  4.0011095400e+01 
   23    41  4.0999782200e+01 
   23    42  4.1991232100e+01 
   23    43  4.2980652500e+01 
   23    44  4.3974111300e+01 
   23    45  4.4965776180e+01 
   23    46  4.5960200511e+01 
   23    47  4.6954908990e+01 
   23    48  4.7952253727e+01 
   23    49  4.8948516112e+01 
   23    50  4.9947158511e+01 
   23    51  5.0943959511e+01 
   23    52  5.1944775511e+01 
   23    53  5.2944338300e+01 
   23    54  5.3946440160e+01 
   23    55  5.4947231100e+01 
   23    56  5.5950532200e+01 
   23    57  5.6952562500e+01 
   23    58  5.7956832700e+01 
   23    59  5.8960213300e+01 
   23    60  5.9965035100e+01 
   23    61  6.0968484300e+01 
   23    62  6.1973785400e+01 
   23    63  6.2977556400e+01 
   23    64  6.3983477500e+01 
   23    65  6.4987928600e+01 
   24    42  4.2006433200e+01 
   24    43  4.2997712400e+01 
   24    44  4.3985550500e+01 
   24    45  4.4979645400e+01 
   24    46  4.5968359210e+01 
   24    47  4.6962900150e+01 
   24    48  4.7954032800e+01 
   24    49  4.8951335726e+01 
   24    50  4.9946044211e+01 
   24    51  5.0944767411e+01 
   24    52  5.1940507580e+01 
   24    53  5.2940649480e+01 
   24    54  5.3938880480e+01 
   24    55  5.4940839780e+01 
   24    56  5.5940653120e+01 
   24    57  5.6943613020e+01 
   24    58  5.7944352200e+01 
   24    59  5.8948592600e+01 
   24    60  5.9950082300e+01 
   24    61  6.0954722700e+01 
   24    62  6.1956613600e+01 
   24    63  6.2961863200e+01 
   24    64  6.3964414300e+01 
   24    65  6.4970165400e+01 
   24    66  6.5973386400e+01 
   24    67  6.6979557500e+01 
   25    44  4.4006875400e+01 
   25    45  4.4994513200e+01 
   25    46  4.5986721200e+01 
   25    47  4.6976101700e+01 
   25    48  4.7968521200e+01 
   25    49  4.8959618260e+01 
   25    50  4.9954238211e+01 
   25    51  5.0948210811e+01 
   25    52  5.1945565521e+01 
   25    53  5.2941290190e+01 
   25    54  5.3940358914e+01 
   25    55  5.4938045170e+01 
   25    56  5.5938904970e+01 
   25    57  5.6938285420e+01 
   25    58  5.7939980300e+01 
   25    59  5.8940440300e+01 
   25    60  5.9942910900e+01 
   25    61  6.0944652400e+01 
   25    62  6.1948432400e+01 
   25    63  6.2950242800e+01 
   25    64  6.3954252900e+01 
   25    65  6.4956345800e+01 
   25    66  6.5961084300e+01 
   25    67  6.6964145400e+01 
   25    68  6.7969306400e+01 
   25    69  6.8972848600e+01 
   26    45  4.5014582400e+01 
   26    46  4.6000813800e+01 
   26    47  4.6992892800e+01 
   26    48  4.7980500800e+01 
   26    49  4.8973611600e+01 
   26    50  4.9962990600e+01 
   26    51  5.0956820160e+01 
   26    52  5.1948114700e+01 
   26    53  5.2945307919e+01 
   26    54  5.3939610570e+01 
   26    55  5.4938293470e+01 
   26    56  5.5934937570e+01 
   26    57  5.6935394070e+01 
   26    58  5.7933275680e+01 
   26    59  5.8934875580e+01 
   26    60  5.9934072400e+01 
   26    61  6.0936745210e+01 
   26    62  6.1936767160e+01 
   26    63  6.2940371800e+01 
   26    64  6.3941203000e+01 
   26    65  6.4945382600e+01 
   26    66  6.5946783200e+01 
   26    67  6.6950954500e+01 
   26    68  6.7953707500e+01 
   26    69  6.8958785400e+01 
   26    70  6.9961466400e+01 
   26    71  7.0966728600e+01 
   26    72  7.1969628600e+01 
   27    47  4.7011495400e+01 
   27    48  4.8001764300e+01 
   27    49  4.8989722800e+01 
   27    50  4.9981541800e+01 
   27    51  5.0970721600e+01 
   27    52  5.1963590700e+01 
   27    53  5.2954219190e+01 
   27    54  5.3948459680e+01 
   27    55  5.4941999080e+01 
   27    56  5.5939839323e+01 
   27    57  5.6936291480e+01 
   27    58  5.7935752813e+01 
   27    59  5.8933195070e+01 
   27    60  5.9933817170e+01 
   27    61  6.0932475810e+01 
   27    62  6.1934051210e+01 
   27    63  6.2933612210e+01 
   27    64  6.3935810210e+01 
   27    65  6.4936478140e+01 
   27    66  6.5939762700e+01 
   27    67  6.6940893400e+01 
   27    68  6.7944873400e+01 
   27    69  6.8946323600e+01 
   27    70  6.9951009000e+01 
   27    71  7.0952909000e+01 
   27    72  7.1957816400e+01 
   27    73  7.2960247500e+01 
   27    74  7.3965388600e+01 
   27    75  7.4968338600e+01 
   28    48  4.8019755400e+01 
   28    49  4.9009664300e+01 
   28    50  4.9995932800e+01 
   28    51  5.0987722800e+01 
   28    52  5.1975680900e+01 
   28    53  5.2968471700e+01 
   28    54  5.3957910500e+01 
   28    55  5.4951330120e+01 
   28    56  5.5942132120e+01 
   28    57  5.6939793519e+01 
   28    58  5.7935342970e+01 
   28    59  5.8934346770e+01 
   28    60  5.9930786470e+01 
   28    61  6.0931056070e+01 
   28    62  6.1928345160e+01 
   28    63  6.2929669460e+01 
   28    64  6.3927966070e+01 
   28    65  6.4930084370e+01 
   28    66  6.5929139315e+01 
   28    67  6.6931569300e+01 
   28    68  6.7931869300e+01 
   28    69  6.8935610400e+01 
   28    70  6.9936503700e+01 
   28    71  7.0940744000e+01 
   28    72  7.1942094700e+01 
   28    73  7.2946473200e+01 
   28    74  7.3948074300e+01 
   28    75  7.4952874300e+01 
   28    76  7.5955339700e+01 
   28    77  7.6960555400e+01 
   28    78  7.7963181180e+01 
   29    52  5.1997182800e+01 
   29    53  5.2985552800e+01 
   29    54  5.3976712300e+01 
   29    55  5.4966053200e+01 
   29    56  5.5958561500e+01 
   29    57  5.6949211170e+01 
   29    58  5.7944538517e+01 
   29    59  5.8939498080e+01 
   29    60  5.9937365018e+01 
   29    61  6.0933457811e+01 
   29    62  6.1932584400e+01 
   29    63  6.2929597560e+01 
   29    64  6.3929764260e+01 
   29    65  6.4927789570e+01 
   29    66  6.5928868870e+01 
   29    67  6.6927730313e+01 
   29    68  6.7929610917e+01 
   29    69  6.8929429315e+01 
   29    70  6.9932392317e+01 
   29    71  7.0932676816e+01 
   29    72  7.1935820315e+01 
   29    73  7.2936675400e+01 
   29    74  7.3939875700e+01 
   29    75  7.4941901050e+01 
   29    76  7.5945275700e+01 
   29    77  7.6947854300e+01 
   29    78  7.7951964300e+01 
   29    79  7.8954565400e+01 
   29    80  7.9960876400e+01 
   30    54  5.3992954300e+01 
   30    55  5.4983982700e+01 
   30    56  5.5972382800e+01 
   30    57  5.6964791100e+01 
   30    58  5.7954590500e+01 
   30    59  5.8949260400e+01 
   30    60  5.9941827110e+01 
   30    61  6.0939511170e+01 
   30    62  6.1934330110e+01 
   30    63  6.2933211617e+01 
   30    64  6.3929142270e+01 
   30    65  6.4929241070e+01 
   30    66  6.5926033410e+01 
   30    67  6.6927127310e+01 
   30    68  6.7924844210e+01 
   30    69  6.8926550310e+01 
   30    70  6.9925319321e+01 
   30    71  7.0927722110e+01 
   30    72  7.1926858700e+01 
   30    73  7.2929780400e+01 
   30    74  7.3929460500e+01 
   30    75  7.4932940800e+01 
   30    76  7.5933290900e+01 
   30    77  7.6936961300e+01 
   30    78  7.7938441000e+01 
   30    79  7.8942652800e+01 
   30    80  7.9944341800e+01 
   30    81  8.0950483200e+01 
   30    82  8.1954425400e+01 
   30    83  8.2961035400e+01 
   31    56  5.5994912800e+01 
   31    57  5.6982932800e+01 
   31    58  5.7974252300e+01 
   31    59  5.8963371800e+01 
   31    60  5.9957061200e+01 
   31    61  6.0949450600e+01 
   31    62  6.1944175300e+01 
   31    63  6.2939294214e+01 
   31    64  6.3936838722e+01 
   31    65  6.4932734890e+01 
   31    66  6.5931589300e+01 
   31    67  6.6928201714e+01 
   31    68  6.7927980116e+01 
   31    69  6.8925573613e+01 
   31    70  6.9926022013e+01 
   31    71  7.0924701311e+01 
   31    72  7.1926366311e+01 
   31    73  7.2925174718e+01 
   31    74  7.3926946400e+01 
   31    75  7.4926500226e+01 
   31    76  7.5928827621e+01 
   31    77  7.6929154326e+01 
   31    78  7.7931608226e+01 
   31    79  7.8932891100e+01 
   31    80  7.9936521300e+01 
   31    81  8.0937752100e+01 
   31    82  8.1942993200e+01 
   31    83  8.2946983200e+01 
   31    84  8.3952654300e+01 
   31    85  8.4957005400e+01 
   31    86  8.5963128600e+01 
   32    58  5.7991013400e+01 
   32    59  5.8981753000e+01 
   32    60  5.9970192500e+01 
   32    61  6.0963793200e+01 
   32    62  6.1954651500e+01 
   32    63  6.2949642100e+01 
   32    64  6.3941650300e+01 
   32    65  6.4939441100e+01 
   32    66  6.5933840300e+01 
   32    67  6.6932734500e+01 
   32    68  6.7928094700e+01 
   32    69  6.8927964514e+01 
   32    70  6.9924247411e+01 
   32    71  7.0924951011e+01 
   32    72  7.1922075818e+01 
   32    73  7.2923458918e+01 
   32    74  7.3921177818e+01 
   32    75  7.4922858918e+01 
   32    76  7.5921402618e+01 
   32    77  7.6923548618e+01 
   32    78  7.7922853400e+01 
   32    79  7.8925401000e+01 
   32    80  7.9925370300e+01 
   32    81  8.0928821300e+01 
   32    82  8.1929552600e+01 
   32    83  8.2934622100e+01 
   32    84  8.3937473200e+01 
   32    85  8.4943034300e+01 
   32    86  8.5946495400e+01 
   32    87  8.6952515400e+01 
   32    88  8.7956917500e+01 
   32    89  8.8963839700e+01 
   33    60  5.9993136400e+01 
   33    61  6.0980626400e+01 
   33    62  6.1973203200e+01 
   33    63  6.2963695400e+01 
   33    64  6.3957573800e+01 
   33    65  6.4949563200e+01 
   33    66  6.5944717300e+01 
   33    67  6.6939191100e+01 
   33    68  6.7936770500e+01 
   33    69  6.8932270300e+01 
   33    70  6.9930920500e+01 
   33    71  7.0927112500e+01 
   33    72  7.1926752500e+01 
   33    73  7.2923825400e+01 
   33    74  7.3923928725e+01 
   33    75  7.4921596520e+01 
   33    76  7.5922394020e+01 
   33    77  7.6920647325e+01 
   33    78  7.7921827110e+01 
   33    79  7.8920948600e+01 
   33    80  7.9922534250e+01 
   33    81  8.0922132600e+01 
   33    82  8.1924502100e+01 
   33    83  8.2924982400e+01 
   33    84  8.3929063200e+01 
   33    85  8.4932022100e+01 
   33    86  8.5936503200e+01 
   33    87  8.6939903200e+01 
   33    88  8.7944945400e+01 
   33    89  8.8949395400e+01 
   33    90  8.9955508600e+01 
   33    91  9.0960439700e+01 
   33    92  9.1966809700e+01 
   34    65  6.4964666400e+01 
   34    66  6.5955213200e+01 
   34    67  6.6950092100e+01 
   34    68  6.7941800400e+01 
   34    69  6.8939560400e+01 
   34    70  6.9933390700e+01 
   34    71  7.0932240300e+01 
   34    72  7.1927112130e+01 
   34    73  7.2926765110e+01 
   34    74  7.3922476418e+01 
   34    75  7.4922523418e+01 
   34    76  7.5919213618e+01 
   34    77  7.6919914018e+01 
   34    78  7.7917309118e+01 
   34    79  7.8918499118e+01 
   34    80  7.9916521321e+01 
   34    81  8.0917992522e+01 
   34    82  8.1916699422e+01 
   34    83  8.2919118400e+01 
   34    84  8.3918462160e+01 
   34    85  8.4922250300e+01 
   34    86  8.5924272170e+01 
   34    87  8.6928520400e+01 
   34    88  8.7931420500e+01 
   34    89  8.8936453200e+01 
   34    90  8.9939964300e+01 
   34    91  9.0945965400e+01 
   34    92  9.1949926400e+01 
   34    93  9.2956298600e+01 
   34    94  9.3960498600e+01 
   35    67  6.6964795400e+01 
   35    68  6.7958523800e+01 
   35    69  6.8950111100e+01 
   35    70  6.9944793300e+01 
   35    71  7.0938746100e+01 
   35    72  7.1936640600e+01 
   35    73  7.2931690500e+01 
   35    74  7.3929891160e+01 
   35    75  7.4925776150e+01 
   35    76  7.5924541100e+01 
   35    77  7.6921379300e+01 
   35    78  7.7921146400e+01 
   35    79  7.8918337122e+01 
   35    80  7.9918529322e+01 
   35    81  8.0916290621e+01 
   35    82  8.1916804121e+01 
   35    83  8.2915180500e+01 
   35    84  8.3916479160e+01 
   35    85  8.4915608210e+01 
   35    86  8.5918798120e+01 
   35    87  8.6920711190e+01 
   35    88  8.7924070400e+01 
   35    89  8.8926390600e+01 
   35    90  8.9930630800e+01 
   35    91  9.0933970800e+01 
   35    92  9.1939260500e+01 
   35    93  9.2943053200e+01 
   35    94  9.3948684300e+01 
   35    95  9.4952875400e+01 
   35    96  9.5958537500e+01 
   35    97  9.6962808600e+01 
   36    69  6.8965184300e+01 
   36    70  6.9955264100e+01 
   36    71  7.0949637000e+01 
   36    72  7.1942092900e+01 
   36    73  7.2939289700e+01 
   36    74  7.3933084422e+01 
   36    75  7.4930946900e+01 
   36    76  7.5925910400e+01 
   36    77  7.6924670021e+01 
   36    78  7.7920364812e+01 
   36    79  7.8920082400e+01 
   36    80  7.9916379016e+01 
   36    81  8.0916592021e+01 
   36    82  8.1913483619e+01 
   36    83  8.2914136300e+01 
   36    84  8.3911507300e+01 
   36    85  8.4912527321e+01 
   36    86  8.5910610731e+01 
   36    87  8.6913354863e+01 
   36    88  8.7914447140e+01 
   36    89  8.8917630600e+01 
   36    90  8.9919517200e+01 
   36    91  9.0923450600e+01 
   36    92  9.1926156130e+01 
   36    93  9.2931271100e+01 
   36    94  9.3934363200e+01 
   36    95  9.4939844300e+01 
   36    96  9.5943075400e+01 
   36    97  9.6948565400e+01 
   36    98  9.7951916400e+01 
   36    99  9.8957606400e+01 
   36   100  9.9961145400e+01 
   37    71  7.0965325400e+01 
   37    72  7.1959085400e+01 
   37    73  7.2950561600e+01 
   37    74  7.3944265400e+01 
   37    75  7.4938570800e+01 
   37    76  7.5935072220e+01 
   37    77  7.6930408800e+01 
   37    78  7.7928141800e+01 
   37    79  7.8923989600e+01 
   37    80  7.9922519700e+01 
   37    81  8.0918996600e+01 
   37    82  8.1918208630e+01 
   37    83  8.2915110600e+01 
   37    84  8.3914385300e+01 
   37    85  8.4911789738e+01 
   37    86  8.5911167422e+01 
   37    87  8.6909180527e+01 
   37    88  8.7911315592e+01 
   37    89  8.8912278600e+01 
   37    90  8.9914802700e+01 
   37    91  9.0916537900e+01 
   37    92  9.1919729700e+01 
   37    93  9.2922042800e+01 
   37    94  9.3926405900e+01 
   37    95  9.4929303230e+01 
   37    96  9.5934270300e+01 
   37    97  9.6937350300e+01 
   37    98  9.7941790500e+01 
   37    99  9.8945381300e+01 
   37   100  9.9949873200e+01 
   37   101  1.0095320180e+02 
   37   102  1.0195887540e+02 
   38    73  7.2965976400e+01 
   38    74  7.3956315400e+01 
   38    75  7.4949952400e+01 
   38    76  7.5941770400e+01 
   38    77  7.6937945100e+01 
   38    78  7.7932180800e+01 
   38    79  7.8929708900e+01 
   38    80  7.9924521700e+01 
   38    81  8.0923212700e+01 
   38    82  8.1918402600e+01 
   38    83  8.2917557110e+01 
   38    84  8.3913425300e+01 
   38    85  8.4912933300e+01 
   38    86  8.5909260212e+01 
   38    87  8.6908877112e+01 
   38    88  8.7905612112e+01 
   38    89  8.8907450712e+01 
   38    90  8.9907738300e+01 
   38    91  9.0910203500e+01 
   38    92  9.1911038400e+01 
   38    93  9.2914026800e+01 
   38    94  9.3915361800e+01 
   38    95  9.4919359800e+01 
   38    96  9.5921697290e+01 
   38    97  9.6926153210e+01 
   38    98  9.7928453280e+01 
   38    99  9.8933240900e+01 
   38   100  9.9935351400e+01 
   38   101  1.0094052130e+02 
   38   102  1.0194302120e+02 
   38   103  1.0294895540e+02 
   38   104  1.0395233750e+02 
   38   105  1.0495858750e+02 
   39    76  7.5958455400e+01 
   39    77  7.6949650700e+01 
   39    78  7.7943614300e+01 
   39    79  7.8937354800e+01 
   39    80  7.9934281900e+01 
   39    81  8.0929130700e+01 
   39    82  8.1926791100e+01 
   39    83  8.2922350500e+01 
   39    84  8.3920391000e+01 
   39    85  8.4916433200e+01 
   39    86  8.5914886150e+01 
   39    87  8.6910875717e+01 
   39    88  8.7909501120e+01 
   39    89  8.8905848327e+01 
   39    90  8.9907151927e+01 
   39    91  9.0907305300e+01 
   39    92  9.1908949100e+01 
   39    93  9.2909583110e+01 
   39    94  9.3911595800e+01 
   39    95  9.4912821800e+01 
   39    96  9.5915891250e+01 
   39    97  9.6918134130e+01 
   39    98  9.7922203260e+01 
   39    99  9.8924636260e+01 
   39   100  9.9927760800e+01 
   39   101  1.0093031100e+02 
   39   102  1.0193356090e+02 
   39   103  1.0293673320e+02 
   39   104  1.0394105430e+02 
   39   105  1.0494487540e+02 
   39   106  1.0594979750e+02 
   39   107  1.0695414540e+02 
   39   108  1.0795948860e+02 
   40    78  7.7955235400e+01 
   40    79  7.8949164300e+01 
   40    80  7.9940401600e+01 
   40    81  8.0937211800e+01 
   40    82  8.1931092400e+01 
   40    83  8.2928651000e+01 
   40    84  8.3923252100e+01 
   40    85  8.4921471100e+01 
   40    86  8.5916470300e+01 
   40    87  8.6914816900e+01 
   40    88  8.7910227110e+01 
   40    89  8.8908890400e+01 
   40    90  8.9904704425e+01 
   40    91  9.0905645825e+01 
   40    92  9.1905040825e+01 
   40    93  9.2906476025e+01 
   40    94  9.3906315226e+01 
   40    95  9.4908042626e+01 
   40    96  9.5908273430e+01 
   40    97  9.6910953130e+01 
   40    98  9.7912735210e+01 
   40    99  9.8916512220e+01 
   40   100  9.9917760400e+01 
   40   101  1.0092114030e+02 
   40   102  1.0192298050e+02 
   40   103  1.0292660120e+02 
   40   104  1.0392878430e+02 
   40   105  1.0493305430e+02 
   40   106  1.0593591540e+02 
   40   107  1.0694075320e+02 
   40   108  1.0794396640e+02 
   40   109  1.0894924540e+02 
   40   110  1.0995287860e+02 
   41    81  8.0949031610e+01 
   41    82  8.1943133200e+01 
   41    83  8.2936713400e+01 
   41    84  8.3933573200e+01 
   41    85  8.4927912400e+01 
   41    86  8.5925040900e+01 
   41    87  8.6920360700e+01 
   41    88  8.7918331100e+01 
   41    89  8.8913418290e+01 
   41    90  8.9911265500e+01 
   41    91  9.0906996400e+01 
   41    92  9.1907194300e+01 
   41    93  9.2906378126e+01 
   41    94  9.3907283926e+01 
   41    95  9.4906835821e+01 
   41    96  9.5908101400e+01 
   41    97  9.6908098627e+01 
   41    98  9.7910328600e+01 
   41    99  9.8911618140e+01 
   41   100  9.9914182280e+01 
   41   101  1.0091525220e+02 
   41   102  1.0191804040e+02 
   41   103  1.0291914070e+02 
   41   104  1.0392246110e+02 
   41   105  1.0492394110e+02 
   41   106  1.0592797210e+02 
   41   107  1.0693031430e+02 
   41   108  1.0793484320e+02 
   41   109  1.0893763540e+02 
   41   110  1.0994244540e+02 
   41   111  1.1094565540e+02 
   41   112  1.1195083750e+02 
   41   113  1.1295470860e+02 
   42    83  8.2948745400e+01 
   42    84  8.3940094300e+01 
   42    85  8.4936553000e+01 
   42    86  8.5930704700e+01 
   42    87  8.6927332400e+01 
   42    88  8.7921953220e+01 
   42    89  8.8919480170e+01 
   42    90  8.9913937700e+01 
   42    91  9.0911750120e+01 
   42    92  9.1906811400e+01 
   42    93  9.2906813400e+01 
   42    94  9.3905088321e+01 
   42    95  9.4905842121e+01 
   42    96  9.5904679521e+01 
   42    97  9.6906021521e+01 
   42    98  9.7905408221e+01 
   42    99  9.8907711921e+01 
   42   100  9.9907477600e+01 
   42   101  1.0091034760e+02 
   42   102  1.0191029722e+02 
   42   103  1.0291321070e+02 
   42   104  1.0391376060e+02 
   42   105  1.0491697080e+02 
   42   106  1.0591813719e+02 
   42   107  1.0692169170e+02 
   42   108  1.0792345210e+02 
   42   109  1.0892781320e+02 
   42   110  1.0992973430e+02 
   42   111  1.1093441430e+02 
   42   112  1.1193684640e+02 
   42   113  1.1294188640e+02 
   42   114  1.1394492750e+02 
   42   115  1.1495029860e+02 
   43    85  8.4948834300e+01 
   43    86  8.5942883200e+01 
   43    87  8.6936533200e+01 
   43    88  8.7932682200e+01 
   43    89  8.8927172200e+01 
   43    90  8.9923562600e+01 
   43    91  9.0918432200e+01 
   43    92  9.1915260280e+01 
   43    93  9.2910249400e+01 
   43    94  9.3909657500e+01 
   43    95  9.4907657600e+01 
   43    96  9.5907871600e+01 
   43    97  9.6906365500e+01 
   43    98  9.7907216400e+01 
   43    99  9.8906254721e+01 
   43   100  9.9907657824e+01 
   43   101  1.0090731526e+02 
   43   102  1.0190921510e+02 
   43   103  1.0290918111e+02 
   43   104  1.0391145050e+02 
   43   105  1.0491166060e+02 
   43   106  1.0591435814e+02 
   43   107  1.0691508160e+02 
   43   108  1.0791846140e+02 
   43   109  1.0891998100e+02 
   43   110  1.0992382080e+02 
   43   111  1.1092569120e+02 
   43   112  1.1192915130e+02 
   43   113  1.1293159320e+02 
   43   114  1.1393588640e+02 
   43   115  1.1493869750e+02 
   43   116  1.1594337750e+02 
   43   117  1.1694648750e+02 
   43   118  1.1795148970e+02 
   44    87  8.6949186400e+01 
   44    88  8.7940264300e+01 
   44    89  8.8936115400e+01 
   44    90  8.9929893200e+01 
   44    91  9.0926296300e+01 
   44    92  9.1920123200e+01 
   44    93  9.2917050900e+01 
   44    94  9.3911360140e+01 
   44    95  9.4910413130e+01 
   44    96  9.5907598800e+01 
   44    97  9.6907555900e+01 
   44    98  9.7905287700e+01 
   44    99  9.8905939322e+01 
   44   100  9.9904219522e+01 
   44   101  1.0090558212e+02 
   44   102  1.0190434932e+02 
   44   103  1.0290632382e+02 
   44   104  1.0390543330e+02 
   44   105  1.0490775330e+02 
   44   106  1.0590732980e+02 
   44   107  1.0690991130e+02 
   44   108  1.0791017120e+02 
   44   109  1.0891320070e+02 
   44   110  1.0991414060e+02 
   44   111  1.1091770080e+02 
   44   112  1.1191897080e+02 
   44   113  1.1292249080e+02 
   44   114  1.1392428250e+02 
   44   115  1.1492869140e+02 
   44   116  1.1593081750e+02 
   44   117  1.1693558750e+02 
   44   118  1.1793782860e+02 
   44   119  1.1894284750e+02 
   44   120  1.1994531860e+02 
   45    89  8.8948844800e+01 
   45    90  8.9942875400e+01 
   45    91  9.0936554300e+01 
   45    92  9.1931984300e+01 
   45    93  9.2925744300e+01 
   45    94  9.3921704800e+01 
   45    95  9.4915901600e+01 
   45    96  9.5914461140e+01 
   45    97  9.6911340400e+01 
   45    98  9.7910708130e+01 
   45    99  9.8908132800e+01 
   45   100  9.9908122200e+01 
   45   101  1.0090616418e+02 
   45   102  1.0190684350e+02 
   45   103  1.0290550430e+02 
   45   104  1.0390665630e+02 
   45   105  1.0490569440e+02 
   45   106  1.0590728780e+02 
   45   107  1.0690674813e+02 
   45   108  1.0790873110e+02 
   45   109  1.0890873713e+02 
   45   110  1.0991114050e+02 
   45   111  1.1091159030e+02 
   45   112  1.1191439060e+02 
   45   113  1.1291553050e+02 
   45   114  1.1391881120e+02 
   45   115  1.1492033090e+02 
   45   116  1.1592406150e+02 
   45   117  1.1692598540e+02 
   45   118  1.1793007540e+02 
   45   119  1.1893211640e+02 
   45   120  1.1993641640e+02 
   45   121  1.2093872970e+02 
   45   122  1.2194321750e+02 
   46    91  9.0949116100e+01 
   46    92  9.1940425400e+01 
   46    93  9.2935914300e+01 
   46    94  9.3928774300e+01 
   46    95  9.4924694300e+01 
   46    96  9.5918161600e+01 
   46    97  9.6916483200e+01 
   46    98  9.7912721230e+01 
   46    99  9.8911768160e+01 
   46   100  9.9908506120e+01 
   46   101  1.0090828919e+02 
   46   102  1.0190560930e+02 
   46   103  1.0290608730e+02 
   46   104  1.0390403640e+02 
   46   105  1.0490508540e+02 
   46   106  1.0590348640e+02 
   46   107  1.0690513340e+02 
   46   108  1.0790389240e+02 
   46   109  1.0890595040e+02 
   46   110  1.0990515312e+02 
   46   111  1.1090767112e+02 
   46   112  1.1190731419e+02 
   46   113  1.1291015040e+02 
   46   114  1.1391036325e+02 
   46   115  1.1491368070e+02 
   46   116  1.1591416060e+02 
   46   117  1.1691784060e+02 
   46   118  1.1791898230e+02 
   46   119  1.1892311320e+02 
   46   120  1.1992469130e+02 
   46   121  1.2092887540e+02 
   46   122  1.2193055430e+02 
   46   123  1.2293493640e+02 
   46   124  1.2393688540e+02 
   47    93  9.2949786400e+01 
   47    94  9.3942785400e+01 
   47    95  9.4935484300e+01 
   47    96  9.5930684300e+01 
   47    97  9.6923973500e+01 
   47    98  9.7921570700e+01 
   47    99  9.8917601600e+01 
   47   100  9.9916100800e+01 
   47   101  1.0091280110e+02 
   47   102  1.0191169030e+02 
   47   103  1.0290897318e+02 
   47   104  1.0390862960e+02 
   47   105  1.0490652912e+02 
   47   106  1.0590666950e+02 
   47   107  1.0690509750e+02 
   47   108  1.0790595650e+02 
   47   109  1.0890475230e+02 
   47   110  1.0990610730e+02 
   47   111  1.1090529130e+02 
   47   112  1.1190700518e+02 
   47   113  1.1290656718e+02 
   47   114  1.1390880427e+02 
   47   115  1.1490876040e+02 
   47   116  1.1591136050e+02 
   47   117  1.1691168050e+02 
   47   118  1.1791458070e+02 
   47   119  1.1891567100e+02 
   47   120  1.1991879080e+02 
   47   121  1.2091985160e+02 
   47   122  1.2192353220e+02 
   47   123  1.2292490220e+02 
   47   124  1.2392864210e+02 
   47   125  1.2493043320e+02 
   47   126  1.2593450320e+02 
   47   127  1.2693677320e+02 
   47   128  1.2794117320e+02 
   47   129  1.2894369430e+02 
   47   130  1.2995045360e+02 
   48    95  9.4949876400e+01 
   48    96  9.5939775400e+01 
   48    97  9.6934944300e+01 
   48    98  9.7927400800e+01 
   48    99  9.8925012200e+01 
   48   100  9.9920291000e+01 
   48   101  1.0091868160e+02 
   48   102  1.0191446030e+02 
   48   103  1.0291341917e+02 
   48   104  1.0390984910e+02 
   48   105  1.0490946812e+02 
   48   106  1.0590645960e+02 
   48   107  1.0690661860e+02 
   48   108  1.0790418460e+02 
   48   109  1.0890498240e+02 
   48   110  1.0990300213e+02 
   48   111  1.1090417813e+02 
   48   112  1.1190275783e+02 
   48   113  1.1290440173e+02 
   48   114  1.1390335853e+02 
   48   115  1.1490543103e+02 
   48   116  1.1590475630e+02 
   48   117  1.1690721940e+02 
   48   118  1.1790691522e+02 
   48   119  1.1890992090e+02 
   48   120  1.1990985020e+02 
   48   121  1.2091298090e+02 
   48   122  1.2191333050e+02 
   48   123  1.2291700040e+02 
   48   124  1.2391765070e+02 
   48   125  1.2492125070e+02 
   48   126  1.2592235060e+02 
   48   127  1.2692644080e+02 
   48   128  1.2792776320e+02 
   48   129  1.2893215320e+02 
   48   130  1.2993390300e+02 
   48   131  1.3094067320e+02 
   48   132  1.3194555540e+02 
   49    97  9.6949546400e+01 
   49    98  9.7942142100e+01 
   49    99  9.8934224300e+01 
   49   100  9.9931112700e+01 
   49   101  1.0092634320e+02 
   49   102  1.0192409120e+02 
   49   103  1.0291991427e+02 
   49   104  1.0391830090e+02 
   49   105  1.0491467419e+02 
   49   106  1.0591346513e+02 
   49   107  1.0691029512e+02 
   49   108  1.0790969810e+02 
   49   109  1.0890715160e+02 
   49   110  1.0990716513e+02 
   49   111  1.1090510350e+02 
   49   112  1.1190553260e+02 
   49   113  1.1290405830e+02 
   49   114  1.1390491430e+02 
   49   115  1.1490387850e+02 
   49   116  1.1590526050e+02 
   49   117  1.1690451460e+02 
   49   118  1.1790635490e+02 
   49   119  1.1890584580e+02 
   49   120  1.1990796040e+02 
   49   121  1.2090784629e+02 
   49   122  1.2191028050e+02 
   49   123  1.2291043826e+02 
   49   124  1.2391318050e+02 
   49   125  1.2491360030e+02 
   49   126  1.2591646040e+02 
   49   127  1.2691735040e+02 
   49   128  1.2792017050e+02 
   49   129  1.2892170050e+02 
   49   130  1.2992497040e+02 
   49   131  1.3092685030e+02 
   49   132  1.3193299070e+02 
   49   133  1.3293781320e+02 
   49   134  1.3394415430e+02 
   49   135  1.3494933540e+02 
   50    99  9.8949336400e+01 
   50   100  9.9939047600e+01 
   50   101  1.0093606320e+02 
   50   102  1.0193030140e+02 
   50   103  1.0292810320e+02 
   50   104  1.0392314110e+02 
   50   105  1.0492135090e+02 
   50   106  1.0591688050e+02 
   50   107  1.0691564090e+02 
   50   108  1.0791192521e+02 
   50   109  1.0891128311e+02 
   50   110  1.0990784315e+02 
   50   111  1.1090773470e+02 
   50   112  1.1190481850e+02 
   50   113  1.1290517140e+02 
   50   114  1.1390277930e+02 
   50   115  1.1490334230e+02 
   50   116  1.1590174130e+02 
   50   117  1.1690295230e+02 
   50   118  1.1790160330e+02 
   50   119  1.1890330830e+02 
   50   120  1.1990219473e+02 
   50   121  1.2090423553e+02 
   50   122  1.2190343903e+02 
   50   123  1.2290572083e+02 
   50   124  1.2390527391e+02 
   50   125  1.2490778412e+02 
   50   126  1.2590765311e+02 
   50   127  1.2691036026e+02 
   50   128  1.2791053729e+02 
   50   129  1.2891348030e+02 
   50   130  1.2991396711e+02 
   50   131  1.3091700023e+02 
   50   132  1.3191781615e+02 
   50   133  1.3292383040e+02 
   50   134  1.3392829110e+02 
   50   135  1.3493473430e+02 
   50   136  1.3593934540e+02 
   50   137  1.3694599640e+02 
   51   103  1.0293969320e+02 
   51   104  1.0393647390e+02 
   51   105  1.0493149110e+02 
   51   106  1.0592879340e+02 
   51   107  1.0692415320e+02 
   51   108  1.0792216220e+02 
   51   109  1.0891813220e+02 
   51   110  1.0991675220e+02 
   51   111  1.1091316030e+02 
   51   112  1.1191239819e+02 
   51   113  1.1290937219e+02 
   51   114  1.1390927030e+02 
   51   115  1.1490659817e+02 
   51   116  1.1590679460e+02 
   51   117  1.1690483610e+02 
   51   118  1.1790552940e+02 
   51   119  1.1890394290e+02 
   51   120  1.1990507280e+02 
   51   121  1.2090381572e+02 
   51   122  1.2190517372e+02 
   51   123  1.2290421402e+02 
   51   124  1.2390593572e+02 
   51   125  1.2490525383e+02 
   51   126  1.2590725030e+02 
   51   127  1.2690692460e+02 
   51   128  1.2790916927e+02 
   51   129  1.2890914823e+02 
   51   130  1.2991165618e+02 
   51   131  1.3091198222e+02 
   51   132  1.3191446715e+02 
   51   133  1.3291525227e+02 
   51   134  1.3392038050e+02 
   51   135  1.3492517110e+02 
   51   136  1.3593035320e+02 
   51   137  1.3693531430e+02 
   51   138  1.3794079320e+02 
   51   139  1.3894598540e+02 
   52   105  1.0494364540e+02 
   52   106  1.0593750140e+02 
   52   107  1.0693501320e+02 
   52   108  1.0792944110e+02 
   52   109  1.0892742070e+02 
   52   110  1.0992241060e+02 
   52   111  1.1092111080e+02 
   52   112  1.1191701180e+02 
   52   113  1.1291589030e+02 
   52   114  1.1391209030e+02 
   52   115  1.1491190030e+02 
   52   116  1.1590846030e+02 
   52   117  1.1690864514e+02 
   52   118  1.1790582816e+02 
   52   119  1.1890640490e+02 
   52   120  1.1990402010e+02 
   52   121  1.2090493628e+02 
   52   122  1.2190304392e+02 
   52   123  1.2290427002e+02 
   52   124  1.2390281792e+02 
   52   125  1.2490443072e+02 
   52   126  1.2590331172e+02 
   52   127  1.2690522632e+02 
   52   128  1.2790446312e+02 
   52   129  1.2890659822e+02 
   52   130  1.2990622442e+02 
   52   131  1.3090852392e+02 
   52   132  1.3190855370e+02 
   52   133  1.3291095526e+02 
   52   134  1.3391136911e+02 
   52   135  1.3491645100e+02 
   52   136  1.3592010050e+02 
   52   137  1.3692532130e+02 
   52   138  1.3792922220e+02 
   52   139  1.3893473430e+02 
   52   140  1.3993885320e+02 
   52   141  1.4094465430e+02 
   52   142  1.4194908640e+02 
   53   108  1.0794348390e+02 
   53   109  1.0893815110e+02 
   53   110  1.0993524330e+02 
   53   111  1.1093028320e+02 
   53   112  1.1192797230e+02 
   53   113  1.1292364060e+02 
   53   114  1.1392185320e+02 
   53   115  1.1491805030e+02 
   53   116  1.1591681100e+02 
   53   117  1.1691365030e+02 
   53   118  1.1791307421e+02 
   53   119  1.1891007030e+02 
   53   120  1.1991004819e+02 
   53   121  1.2090736711e+02 
   53   122  1.2190758960e+02 
   53   123  1.2290558940e+02 
   53   124  1.2390620992e+02 
   53   125  1.2490463022e+02 
   53   126  1.2590562440e+02 
   53   127  1.2690447340e+02 
   53   128  1.2790580940e+02 
   53   129  1.2890498830e+02 
   53   130  1.2990667430e+02 
   53   131  1.3090612461e+02 
   53   132  1.3190799760e+02 
   53   133  1.3290779750e+02 
   53   134  1.3390974490e+02 
   53   135  1.3491004880e+02 
   53   136  1.3591465050e+02 
   53   137  1.3691787130e+02 
   53   138  1.3792235090e+02 
   53   139  1.3892610030e+02 
   53   140  1.3993100210e+02 
   53   141  1.4093503210e+02 
   53   142  1.4194018430e+02 
   53   143  1.4294456430e+02 
   53   144  1.4394999540e+02 
   54   110  1.0994428140e+02 
   54   111  1.1094160330e+02 
   54   112  1.1193562110e+02 
   54   113  1.1293334090e+02 
   54   114  1.1392798012e+02 
   54   115  1.1492629413e+02 
   54   116  1.1592158114e+02 
   54   117  1.1692035911e+02 
   54   118  1.1791617911e+02 
   54   119  1.1891541111e+02 
   54   120  1.1991178413e+02 
   54   121  1.2091146212e+02 
   54   122  1.2190836812e+02 
   54   123  1.2290848210e+02 
   54   124  1.2390589302e+02 
   54   125  1.2490639552e+02 
   54   126  1.2590427470e+02 
   54   127  1.2690518440e+02 
   54   128  1.2790353131e+02 
   54   129  1.2890477948e+02 
   54   130  1.2990350808e+02 
   54   131  1.3090508241e+02 
   54   132  1.3190415351e+02 
   54   133  1.3290591073e+02 
   54   134  1.3390539459e+02 
   54   135  1.3490722750e+02 
   54   136  1.3590721980e+02 
   54   137  1.3691156280e+02 
   54   138  1.3791395050e+02 
   54   139  1.3891879322e+02 
   54   140  1.3992164070e+02 
   54   141  1.4092665100e+02 
   54   142  1.4192971110e+02 
   54   143  1.4293511210e+02 
   54   144  1.4393851320e+02 
   54   145  1.4494407320e+02 
   54   146  1.4594775430e+02 
   54   147  1.4695356430e+02 
   55   112  1.1195030330e+02 
   55   113  1.1294449110e+02 
   55   114  1.1394145330e+02 
   55   115  1.1493591320e+02 
   55   116  1.1593337110e+02 
   55   117  1.1692867070e+02 
   55   118  1.1792655914e+02 
   55   119  1.1892237715e+02 
   55   120  1.1992067711e+02 
   55   121  1.2091722915e+02 
   55   122  1.2191611030e+02 
   55   123  1.2291299613e+02 
   55   124  1.2391225890e+02 
   55   125  1.2490972880e+02 
   55   126  1.2590945213e+02 
   55   127  1.2690741860e+02 
   55   128  1.2790774960e+02 
   55   129  1.2890606450e+02 
   55   130  1.2990670990e+02 
   55   131  1.3090546450e+02 
   55   132  1.3190643432e+02 
   55   133  1.3290545193e+02 
   55   134  1.3390671848e+02 
   55   135  1.3490597701e+02 
   55   136  1.3590731162e+02 
   55   137  1.3690708955e+02 
   55   138  1.3791101710e+02 
   55   139  1.3891336430e+02 
   55   140  1.3991728290e+02 
   55   141  1.4092004611e+02 
   55   142  1.4192429911e+02 
   55   143  1.4292735225e+02 
   55   144  1.4393207728e+02 
   55   145  1.4493552612e+02 
   55   146  1.4594029080e+02 
   55   147  1.4694416060e+02 
   55   148  1.4794922620e+02 
   55   149  1.4895293210e+02 
   55   150  1.4995817320e+02 
   55   151  1.5096219540e+02 
   56   114  1.1395068150e+02 
   56   115  1.1494737640e+02 
   56   116  1.1594138430e+02 
   56   117  1.1693850320e+02 
   56   118  1.1793304210e+02 
   56   119  1.1893066210e+02 
   56   120  1.1992604320e+02 
   56   121  1.2092405150e+02 
   56   122  1.2191990030e+02 
   56   123  1.2291878113e+02 
   56   124  1.2391509413e+02 
   56   125  1.2491447312e+02 
   56   126  1.2591125013e+02 
   56   127  1.2691109412e+02 
   56   128  1.2790831811e+02 
   56   129  1.2890867912e+02 
   56   130  1.2990632083e+02 
   56   131  1.3090694130e+02 
   56   132  1.3190506131e+02 
   56   133  1.3290600751e+02 
   56   134  1.3390450844e+02 
   56   135  1.3490568864e+02 
   56   136  1.3590457594e+02 
   56   137  1.3690582745e+02 
   56   138  1.3790524725e+02 
   56   139  1.3890884135e+02 
   56   140  1.3991060590e+02 
   56   141  1.4091441190e+02 
   56   142  1.4191645370e+02 
   56   143  1.4292062714e+02 
   56   144  1.4392295314e+02 
   56   145  1.4492763080e+02 
   56   146  1.4593022080e+02 
   56   147  1.4693495220e+02 
   56   148  1.4793772090e+02 
   56   149  1.4894258210e+02 
   56   150  1.4994568430e+02 
   56   151  1.5095081430e+02 
   56   152  1.5195427540e+02 
   56   153  1.5295961860e+02 
   57   117  1.1695007430e+02 
   57   118  1.1794673320e+02 
   57   119  1.1894099430e+02 
   57   120  1.1993807540e+02 
   57   121  1.2093301540e+02 
   57   122  1.2193071320e+02 
   57   123  1.2292624210e+02 
   57   124  1.2392457060e+02 
   57   125  1.2492081628e+02 
   57   126  1.2591951100e+02 
   57   127  1.2691637528e+02 
   57   128  1.2791559060e+02 
   57   129  1.2891269322e+02 
   57   130  1.2991236928e+02 
   57   131  1.3091007030e+02 
   57   132  1.3191010040e+02 
   57   133  1.3290822030e+02 
   57   134  1.3390851421e+02 
   57   135  1.3490697711e+02 
   57   136  1.3590764060e+02 
   57   137  1.3690649414e+02 
   57   138  1.3790711240e+02 
   57   139  1.3890635333e+02 
   57   140  1.3990947763e+02 
   57   141  1.4091096250e+02 
   57   142  1.4191407960e+02 
   57   143  1.4291606317e+02 
   57   144  1.4391960050e+02 
   57   145  1.4492165100e+02 
   57   146  1.4592579080e+02 
   57   147  1.4692824050e+02 
   57   148  1.4793223060e+02 
   57   149  1.4893473340e+02 
   57   150  1.4993877430e+02 
   57   151  1.5094172430e+02 
   57   152  1.5194625430e+02 
   57   153  1.5294962640e+02 
   57   154  1.5395450640e+02 
   57   155  1.5495835860e+02 
   58   119  1.1895276640e+02 
   58   120  1.1994664750e+02 
   58   121  1.2094342540e+02 
   58   122  1.2193791430e+02 
   58   123  1.2293540320e+02 
   58   124  1.2393041320e+02 
   58   125  1.2492844210e+02 
   58   126  1.2592397030e+02 
   58   127  1.2692273060e+02 
   58   128  1.2791891030e+02 
   58   129  1.2891810030e+02 
   58   130  1.2991474030e+02 
   58   131  1.3091442040e+02 
   58   132  1.3191146022e+02 
   58   133  1.3291151518e+02 
   58   134  1.3390892522e+02 
   58   135  1.3490915112e+02 
   58   136  1.3590717214e+02 
   58   137  1.3690780614e+02 
   58   138  1.3790599111e+02 
   58   139  1.3890665380e+02 
   58   140  1.3990543873e+02 
   58   141  1.4090827633e+02 
   58   142  1.4190924430e+02 
   58   143  1.4291238630e+02 
   58   144  1.4391364740e+02 
   58   145  1.4491723040e+02 
   58   146  1.4591876070e+02 
   58   147  1.4692267030e+02 
   58   148  1.4792443030e+02 
   58   149  1.4892840100e+02 
   58   150  1.4993041050e+02 
   58   151  1.5093398110e+02 
   58   152  1.5193654210e+02 
   58   153  1.5294058430e+02 
   58   154  1.5394342540e+02 
   58   155  1.5494804640e+02 
   58   156  1.5595126640e+02 
   58   157  1.5695634750e+02 
   59   121  1.2095536750e+02 
   59   122  1.2195181540e+02 
   59   123  1.2294596640e+02 
   59   124  1.2394296640e+02 
   59   125  1.2493783430e+02 
   59   126  1.2593531210e+02 
   59   127  1.2693083210e+02 
   59   128  1.2792879030e+02 
   59   129  1.2892510030e+02 
   59   130  1.2992359070e+02 
   59   131  1.3092026060e+02 
   59   132  1.3191926060e+02 
   59   133  1.3291633113e+02 
   59   134  1.3391571040e+02 
   59   135  1.3491311213e+02 
   59   136  1.3591269213e+02 
   59   137  1.3691070513e+02 
   59   138  1.3791075515e+02 
   59   139  1.3890893880e+02 
   59   140  1.3990907670e+02 
   59   141  1.4090765283e+02 
   59   142  1.4191004483e+02 
   59   143  1.4291081693e+02 
   59   144  1.4391330540e+02 
   59   145  1.4491451280e+02 
   59   146  1.4591764070e+02 
   59   147  1.4691899625e+02 
   59   148  1.4792213528e+02 
   59   149  1.4892372090e+02 
   59   150  1.4992667328e+02 
   59   151  1.5092831925e+02 
   59   152  1.5193150130e+02 
   59   153  1.5293384110e+02 
   59   154  1.5393752160e+02 
   59   155  1.5494012320e+02 
   59   156  1.5594427430e+02 
   59   157  1.5694743430e+02 
   59   158  1.5795198640e+02 
   59   159  1.5895550750e+02 
   60   124  1.2395223640e+02 
   60   125  1.2494888430e+02 
   60   126  1.2594322430e+02 
   60   127  1.2694050430e+02 
   60   128  1.2793539210e+02 
   60   129  1.2893319220e+02 
   60   130  1.2992851030e+02 
   60   131  1.3092725030e+02 
   60   132  1.3192332126e+02 
   60   133  1.3292235050e+02 
   60   134  1.3391879013e+02 
   60   135  1.3491818121e+02 
   60   136  1.3591497613e+02 
   60   137  1.3691456712e+02 
   60   138  1.3791195013e+02 
   60   139  1.3891197828e+02 
   60   140  1.3990955030e+02 
   60   141  1.4090961040e+02 
   60   142  1.4190772333e+02 
   60   143  1.4290981433e+02 
   60   144  1.4391008733e+02 
   60   145  1.4491257362e+02 
   60   146  1.4591311692e+02 
   60   147  1.4691610042e+02 
   60   148  1.4791689330e+02 
   60   149  1.4892014930e+02 
   60   150  1.4992089130e+02 
   60   151  1.5092382930e+02 
   60   152  1.5192468226e+02 
   60   153  1.5292769829e+02 
   60   154  1.5392948120e+02 
   60   155  1.5493293160e+02 
   60   156  1.5593502220e+02 
   60   157  1.5693903210e+02 
   60   158  1.5794160430e+02 
   60   159  1.5894609540e+02 
   60   160  1.5994909640e+02 
   60   161  1.6095388750e+02 
   61   126  1.2595752540e+02 
   61   127  1.2695163640e+02 
   61   128  1.2794842430e+02 
   61   129  1.2894316430e+02 
   61   130  1.2994045320e+02 
   61   131  1.3093587210e+02 
   61   132  1.3193375210e+02 
   61   133  1.3292978050e+02 
   61   134  1.3392835060e+02 
   61   135  1.3492488060e+02 
   61   136  1.3592357080e+02 
   61   137  1.3692047914e+02 
   61   138  1.3791954830e+02 
   61   139  1.3891680414e+02 
   61   140  1.3991604040e+02 
   61   141  1.4091355515e+02 
   61   142  1.4191287427e+02 
   61   143  1.4291093340e+02 
   61   144  1.4391259130e+02 
   61   145  1.4491274930e+02 
   61   146  1.4591469650e+02 
   61   147  1.4691513853e+02 
   61   148  1.4791747570e+02 
   61   149  1.4891833440e+02 
   61   150  1.4992098422e+02 
   61   151  1.5092120760e+02 
   61   152  1.5192349728e+02 
   61   153  1.5292411712e+02 
   61   154  1.5392646050e+02 
   61   155  1.5492810030e+02 
   61   156  1.5593106040e+02 
   61   157  1.5693304120e+02 
   61   158  1.5793656140e+02 
   61   159  1.5893897210e+02 
   61   160  1.5994299320e+02 
   61   161  1.6094586540e+02 
   61   162  1.6195029750e+02 
   61   163  1.6295368860e+02 
   62   128  1.2795808540e+02 
   62   129  1.2895464540e+02 
   62   130  1.2994892430e+02 
   62   131  1.3094611320e+02 
   62   132  1.3194069320e+02 
   62   133  1.3293867210e+02 
   62   134  1.3393397210e+02 
   62   135  1.3493252170e+02 
   62   136  1.3592827613e+02 
   62   137  1.3692697050e+02 
   62   138  1.3792324413e+02 
   62   139  1.3892229712e+02 
   62   140  1.3991899513e+02 
   62   141  1.4091847690e+02 
   62   142  1.4191519860e+02 
   62   143  1.4291462840e+02 
   62   144  1.4391199930e+02 
   62   145  1.4491341030e+02 
   62   146  1.4591304140e+02 
   62   147  1.4691489793e+02 
   62   148  1.4791482273e+02 
   62   149  1.4891718473e+02 
   62   150  1.4991727553e+02 
   62   151  1.5091993243e+02 
   62   152  1.5191973243e+02 
   62   153  1.5292209743e+02 
   62   154  1.5392220933e+02 
   62   155  1.5492464023e+02 
   62   156  1.5592552810e+02 
   62   157  1.5692836050e+02 
   62   158  1.5792999080e+02 
   62   159  1.5893321110e+02 
   62   160  1.5993514210e+02 
   62   161  1.6093883320e+02 
   62   162  1.6194122540e+02 
   62   163  1.6294536750e+02 
   62   164  1.6394828860e+02 
   62   165  1.6495298970e+02 
   63   130  1.2996357540e+02 
   63   131  1.3095775430e+02 
   63   132  1.3195437430e+02 
   63   133  1.3294924320e+02 
   63   134  1.3394651210e+02 
   63   135  1.3494182320e+02 
   63   136  1.3593960210e+02 
   63   137  1.3693557210e+02 
   63   138  1.3793371030e+02 
   63   139  1.3892979214e+02 
   63   140  1.3992809060e+02 
   63   141  1.4092493114e+02 
   63   142  1.4192343030e+02 
   63   143  1.4292029812e+02 
   63   144  1.4391881712e+02 
   63   145  1.4491626540e+02 
   63   146  1.4591720670e+02 
   63   147  1.4691674630e+02 
   63   148  1.4791808611e+02 
   63   149  1.4891793150e+02 
   63   150  1.4991970270e+02 
   63   151  1.5091985023e+02 
   63   152  1.5192174453e+02 
   63   153  1.5292123033e+02 
   63   154  1.5392297923e+02 
   63   155  1.5492289333e+02 
   63   156  1.5592475260e+02 
   63   157  1.5692542460e+02 
   63   158  1.5792785080e+02 
   63   159  1.5892908980e+02 
   63   160  1.5993197220e+02 
   63   161  1.6093368320e+02 
   63   162  1.6193704320e+02 
   63   163  1.6293921540e+02 
   63   164  1.6394299640e+02 
   63   165  1.6494572750e+02 
   63   166  1.6594997860e+02 
   63   167  1.6695321860e+02 
   64   134  1.3395537430e+02 
   64   135  1.3495257540e+02 
   64   136  1.3594734430e+02 
   64   137  1.3694502430e+02 
   64   138  1.3794012210e+02 
   64   139  1.3893824210e+02 
   64   140  1.3993367030e+02 
   64   141  1.4093212621e+02 
   64   142  1.4192812030e+02 
   64   143  1.4292675220e+02 
   64   144  1.4392296030e+02 
   64   145  1.4492170920e+02 
   64   146  1.4591831150e+02 
   64   147  1.4691909430e+02 
   64   148  1.4791811530e+02 
   64   149  1.4891934140e+02 
   64   150  1.4991865970e+02 
   64   151  1.5092034840e+02 
   64   152  1.5191979103e+02 
   64   153  1.5292174953e+02 
   64   154  1.5392086563e+02 
   64   155  1.5492262203e+02 
   64   156  1.5592212273e+02 
   64   157  1.5692396013e+02 
   64   158  1.5792410393e+02 
   64   159  1.5892638873e+02 
   64   160  1.5992705413e+02 
   64   161  1.6092966923e+02 
   64   162  1.6193098550e+02 
   64   163  1.6293399320e+02 
   64   164  1.6393586430e+02 
   64   165  1.6493938540e+02 
   64   166  1.6594160640e+02 
   64   167  1.6694557640e+02 
   64   168  1.6794836750e+02 
   64   169  1.6895287860e+02 
   65   136  1.3596138640e+02 
   65   137  1.3695598640e+02 
   65   138  1.3795316430e+02 
   65   139  1.3894829320e+02 
   65   140  1.3994581860e+02 
   65   141  1.4094145110e+02 
   65   142  1.4193874320e+02 
   65   143  1.4293512060e+02 
   65   144  1.4393305030e+02 
   65   145  1.4492927060e+02 
   65   146  1.4592725050e+02 
   65   147  1.4692404513e+02 
   65   148  1.4792427215e+02 
   65   149  1.4892324650e+02 
   65   150  1.4992366080e+02 
   65   151  1.5092310350e+02 
   65   152  1.5192407040e+02 
   65   153  1.5292343550e+02 
   65   154  1.5392468050e+02 
   65   155  1.5492350513e+02 
   65   156  1.5592474750e+02 
   65   157  1.5692402463e+02 
   65   158  1.5792541313e+02 
   65   159  1.5892534683e+02 
   65   160  1.5992716763e+02 
   65   161  1.6092756993e+02 
   65   162  1.6192949040e+02 
   65   163  1.6293064850e+02 
   65   164  1.6393335110e+02 
   65   165  1.6493488210e+02 
   65   166  1.6593799110e+02 
   65   167  1.6694005430e+02 
   65   168  1.6794364540e+02 
   65   169  1.6894622640e+02 
   65   170  1.6995025750e+02 
   65   171  1.7095330860e+02 
   66   138  1.3796249640e+02 
   66   139  1.3895954540e+02 
   66   140  1.3995401540e+02 
   66   141  1.4095135320e+02 
   66   142  1.4194637390e+02 
   66   143  1.4294383210e+02 
   66   144  1.4393925030e+02 
   66   145  1.4493743050e+02 
   66   146  1.4593284529e+02 
   66   147  1.4693109221e+02 
   66   148  1.4792715011e+02 
   66   149  1.4892730590e+02 
   66   150  1.4992558550e+02 
   66   151  1.5092618540e+02 
   66   152  1.5192471860e+02 
   66   153  1.5292576550e+02 
   66   154  1.5392442480e+02 
   66   155  1.5492575413e+02 
   66   156  1.5592428370e+02 
   66   157  1.5692546670e+02 
   66   158  1.5792440940e+02 
   66   159  1.5892573923e+02 
   66   160  1.5992519753e+02 
   66   161  1.6092693343e+02 
   66   162  1.6192679843e+02 
   66   163  1.6292873123e+02 
   66   164  1.6392917483e+02 
   66   165  1.6493170333e+02 
   66   166  1.6593280673e+02 
   66   167  1.6693566060e+02 
   66   168  1.6793713150e+02 
   66   169  1.6894031320e+02 
   66   170  1.6994239210e+02 
   66   171  1.7094620320e+02 
   66   172  1.7194876430e+02 
   66   173  1.7295300540e+02 
   67   140  1.3996854540e+02 
   67   141  1.4096310540e+02 
   67   142  1.4195977540e+02 
   67   143  1.4295461430e+02 
   67   144  1.4395148320e+02 
   67   145  1.4494720320e+02 
   67   146  1.4594464210e+02 
   67   147  1.4694006030e+02 
   67   148  1.4793772140e+02 
   67   149  1.4893377520e+02 
   67   150  1.4993349615e+02 
   67   151  1.5093168813e+02 
   67   152  1.5193171415e+02 
   67   153  1.5293019960e+02 
   67   154  1.5393060290e+02 
   67   155  1.5492910319e+02 
   67   156  1.5592984050e+02 
   67   157  1.5692825626e+02 
   67   158  1.5792894129e+02 
   67   159  1.5892771240e+02 
   67   160  1.5992872916e+02 
   67   161  1.6092785530e+02 
   67   162  1.6192909640e+02 
   67   163  1.6292873393e+02 
   67   164  1.6393023353e+02 
   67   165  1.6493032213e+02 
   67   166  1.6593228423e+02 
   67   167  1.6693313360e+02 
   67   168  1.6793552030e+02 
   67   169  1.6893687222e+02 
   67   170  1.6993962050e+02 
   67   171  1.7094147640e+02 
   67   172  1.7194482430e+02 
   67   173  1.7294729430e+02 
   67   174  1.7395115540e+02 
   67   175  1.7495405640e+02 
   68   143  1.4296634640e+02 
   68   144  1.4396038430e+02 
   68   145  1.4495739430e+02 
   68   146  1.4595200320e+02 
   68   147  1.4694949320e+02 
   68   148  1.4794455210e+02 
   68   149  1.4894231030e+02 
   68   150  1.4993791418e+02 
   68   151  1.5093744918e+02 
   68   152  1.5193505011e+02 
   68   153  1.5293506390e+02 
   68   154  1.5393278360e+02 
   68   155  1.5493320970e+02 
   68   156  1.5593106526e+02 
   68   157  1.5693192030e+02 
   68   158  1.5792989327e+02 
   68   159  1.5893068450e+02 
   68   160  1.5992908326e+02 
   68   161  1.6092999510e+02 
   68   162  1.6192877840e+02 
   68   163  1.6293003360e+02 
   68   164  1.6392920030e+02 
   68   165  1.6493072630e+02 
   68   166  1.6593029313e+02 
   68   167  1.6693204823e+02 
   68   168  1.6793237023e+02 
   68   169  1.6893459043e+02 
   68   170  1.6993546433e+02 
   68   171  1.7093802983e+02 
   68   172  1.7193935650e+02 
   68   173  1.7294240210e+02 
   68   174  1.7394423320e+02 
   68   175  1.7494777430e+02 
   68   176  1.7595008430e+02 
   68   177  1.7695405540e+02 
   69   145  1.4497007430e+02 
   69   146  1.4596643430e+02 
   69   147  1.4696096320e+02 
   69   148  1.4795784430e+02 
   69   149  1.4895272320e+02 
   69   150  1.4994996210e+02 
   69   151  1.5094548322e+02 
   69   152  1.5194442080e+02 
   69   153  1.5294201220e+02 
   69   154  1.5394156815e+02 
   69   155  1.5493919914e+02 
   69   156  1.5593898017e+02 
   69   157  1.5693697030e+02 
   69   158  1.5793698027e+02 
   69   159  1.5893498030e+02 
   69   160  1.5993526040e+02 
   69   161  1.6093355030e+02 
   69   162  1.6193399528e+02 
   69   163  1.6293265160e+02 
   69   164  1.6393356030e+02 
   69   165  1.6493243540e+02 
   69   166  1.6593355413e+02 
   69   167  1.6693285163e+02 
   69   168  1.6793417330e+02 
   69   169  1.6893421333e+02 
   69   170  1.6993580143e+02 
   69   171  1.7093642943e+02 
   69   172  1.7193840060e+02 
   69   173  1.7293960450e+02 
   69   174  1.7394217050e+02 
   69   175  1.7494384050e+02 
   69   176  1.7594699110e+02 
   69   177  1.7694904320e+02 
   69   178  1.7795264430e+02 
   69   179  1.7895534540e+02 
   70   148  1.4796742640e+02 
   70   149  1.4896404540e+02 
   70   150  1.4995842430e+02 
   70   151  1.5095540320e+02 
   70   152  1.5195029220e+02 
   70   153  1.5294948210e+02 
   70   154  1.5394639419e+02 
   70   155  1.5494578218e+02 
   70   156  1.5594281812e+02 
   70   157  1.5694262811e+02 
   70   158  1.5793986690e+02 
   70   159  1.5894005020e+02 
   70   160  1.5993755218e+02 
   70   161  1.6093790217e+02 
   70   162  1.6193576817e+02 
   70   163  1.6293633417e+02 
   70   164  1.6393448917e+02 
   70   165  1.6493528030e+02 
   70   166  1.6593388290e+02 
   70   167  1.6693495050e+02 
   70   168  1.6793389750e+02 
   70   169  1.6893519050e+02 
   70   170  1.6993476183e+02 
   70   171  1.7093632583e+02 
   70   172  1.7193638153e+02 
   70   173  1.7293821083e+02 
   70   174  1.7393886213e+02 
   70   175  1.7494127653e+02 
   70   176  1.7594257173e+02 
   70   177  1.7694526083e+02 
   70   178  1.7794664711e+02 
   70   179  1.7895017320e+02 
   70   180  1.7995233430e+02 
   70   181  1.8095615430e+02 
   71   150  1.4997323540e+02 
   71   151  1.5096758430e+02 
   71   152  1.5196412210e+02 
   71   153  1.5295877220e+02 
   71   154  1.5395752220e+02 
   71   155  1.5495431622e+02 
   71   156  1.5595303080e+02 
   71   157  1.5695009820e+02 
   71   158  1.5794931316e+02 
   71   159  1.5894663040e+02 
   71   160  1.5994603060e+02 
   71   161  1.6094357030e+02 
   71   162  1.6194328080e+02 
   71   163  1.6294118030e+02 
   71   164  1.6394134030e+02 
   71   165  1.6493940728e+02 
   71   166  1.6593986030e+02 
   71   167  1.6693827030e+02 
   71   168  1.6793874050e+02 
   71   169  1.6893765160e+02 
   71   170  1.6993847518e+02 
   71   171  1.7093791313e+02 
   71   172  1.7193908630e+02 
   71   173  1.7293893063e+02 
   71   174  1.7394033753e+02 
   71   175  1.7494077182e+02 
   71   176  1.7594268632e+02 
   71   177  1.7694375812e+02 
   71   178  1.7794595530e+02 
   71   179  1.7894732760e+02 
   71   180  1.7994988080e+02 
   71   181  1.8095197320e+02 
   71   182  1.8195504210e+02 
   71   183  1.8295757320e+02 
   71   184  1.8396091430e+02 
   72   153  1.5297069540e+02 
   72   154  1.5396486540e+02 
   72   155  1.5496339430e+02 
   72   156  1.5595936220e+02 
   72   157  1.5695840210e+02 
   72   158  1.5795479919e+02 
   72   159  1.5895399518e+02 
   72   160  1.5995068412e+02 
   72   161  1.6095027524e+02 
   72   162  1.6194721010e+02 
   72   163  1.6294709030e+02 
   72   164  1.6394436722e+02 
   72   165  1.6494457030e+02 
   72   166  1.6594218030e+02 
   72   167  1.6694260030e+02 
   72   168  1.6794057030e+02 
   72   169  1.6894126030e+02 
   72   170  1.6993961030e+02 
   72   171  1.7094049030e+02 
   72   172  1.7193944826e+02 
   72   173  1.7294051030e+02 
   72   174  1.7394004630e+02 
   72   175  1.7494150930e+02 
   72   176  1.7594140862e+02 
   72   177  1.7694322072e+02 
   72   178  1.7794369882e+02 
   72   179  1.7894581612e+02 
   72   180  1.7994655002e+02 
   72   181  1.8094910122e+02 
   72   182  1.8195055470e+02 
   72   183  1.8295353030e+02 
   72   184  1.8395545040e+02 
   72   185  1.8495882210e+02 
   72   186  1.8596089320e+02 
   72   187  1.8696459430e+02 
   72   188  1.8796685540e+02 
   73   155  1.5497459540e+02 
   73   156  1.5597230430e+02 
   73   157  1.5696819220e+02 
   73   158  1.5796670220e+02 
   73   159  1.5896301822e+02 
   73   160  1.5996149100e+02 
   73   161  1.6095842060e+02 
   73   162  1.6195729060e+02 
   73   163  1.6295433040e+02 
   73   164  1.6395353030e+02 
   73   165  1.6495077319e+02 
   73   166  1.6595051030e+02 
   73   167  1.6694809030e+02 
   73   168  1.6794805030e+02 
   73   169  1.6894601030e+02 
   73   170  1.6994618030e+02 
   73   171  1.7094448030e+02 
   73   172  1.7194490030e+02 
   73   173  1.7294375030e+02 
   73   174  1.7394445030e+02 
   73   175  1.7494374030e+02 
   73   176  1.7594486030e+02 
   73   177  1.7694447240e+02 
   73   178  1.7794577816e+02 
   73   179  1.7894592952e+02 
   73   180  1.7994746482e+02 
   73   181  1.8094799582e+02 
   73   182  1.8195015182e+02 
   73   183  1.8295137262e+02 
   73   184  1.8395400828e+02 
   73   185  1.8495555915e+02 
   73   186  1.8595855060e+02 
   73   187  1.8696053210e+02 
   73   188  1.8796370210e+02 
   73   189  1.8896583320e+02 
   73   190  1.8996923430e+02 
   74   158  1.5797456540e+02 
   74   159  1.5897292430e+02 
   74   160  1.5996848220e+02 
   74   161  1.6096736210e+02 
   74   162  1.6196349719e+02 
   74   163  1.6296252060e+02 
   74   164  1.6395895413e+02 
   74   165  1.6495828027e+02 
   74   166  1.6595502711e+02 
   74   167  1.6695481621e+02 
   74   168  1.6795180817e+02 
   74   169  1.6895177917e+02 
   74   170  1.6994922816e+02 
   74   171  1.7094945030e+02 
   74   172  1.7194729030e+02 
   74   173  1.7294769030e+02 
   74   174  1.7394608030e+02 
   74   175  1.7494672030e+02 
   74   176  1.7594563030e+02 
   74   177  1.7694664030e+02 
   74   178  1.7794587616e+02 
   74   179  1.7894707017e+02 
   74   180  1.7994670440e+02 
   74   181  1.8094819750e+02 
   74   182  1.8194820429e+02 
   74   183  1.8295022309e+02 
   74   184  1.8395093129e+02 
   74   185  1.8495341931e+02 
   74   186  1.8595436412e+02 
   74   187  1.8695716052e+02 
   74   188  1.8795848940e+02 
   74   189  1.8896191210e+02 
   74   190  1.8996318180e+02 
   74   191  1.9096660210e+02 
   74   192  1.9196817640e+02 
   75   160  1.5998212430e+02 
   75   161  1.6097759220e+02 
   75   162  1.6197600220e+02 
   75   163  1.6297208121e+02 
   75   164  1.6397032170e+02 
   75   165  1.6496708930e+02 
   75   166  1.6596581090e+02 
   75   167  1.6696260060e+02 
   75   168  1.6796157030e+02 
   75   169  1.6895879030e+02 
   75   170  1.6995822028e+02 
   75   171  1.7095572030e+02 
   75   172  1.7195542060e+02 
   75   173  1.7295324030e+02 
   75   174  1.7395312030e+02 
   75   175  1.7495138030e+02 
   75   176  1.7595162030e+02 
   75   177  1.7695033030e+02 
   75   178  1.7795099030e+02 
   75   179  1.7894998826e+02 
   75   180  1.7995078923e+02 
   75   181  1.8095006814e+02 
   75   182  1.8195121110e+02 
   75   183  1.8295082090e+02 
   75   184  1.8395252150e+02 
   75   185  1.8495295501e+02 
   75   186  1.8595498611e+02 
   75   187  1.8695575311e+02 
   75   188  1.8795811442e+02 
   75   189  1.8895922990e+02 
   75   190  1.8996182160e+02 
   75   191  1.9096312511e+02 
   75   192  1.9196596210e+02 
   75   193  1.9296747210e+02 
   75   194  1.9397042320e+02 
   76   162  1.6198443540e+02 
   76   163  1.6298269430e+02 
   76   164  1.6397804220e+02 
   76   165  1.6497676220e+02 
   76   166  1.6597269120e+02 
   76   167  1.6697155080e+02 
   76   168  1.6796780413e+02 
   76   169  1.6896701927e+02 
   76   170  1.6996357712e+02 
   76   171  1.7096318520e+02 
   76   172  1.7196002316e+02 
   76   173  1.7295980816e+02 
   76   174  1.7395706212e+02 
   76   175  1.7495694615e+02 
   76   176  1.7595481030e+02 
   76   177  1.7695496517e+02 
   76   178  1.7795325118e+02 
   76   179  1.7895381619e+02 
   76   180  1.7995237922e+02 
   76   181  1.8095324030e+02 
   76   182  1.8195211023e+02 
   76   183  1.8295313050e+02 
   76   184  1.8395248911e+02 
   76   185  1.8495404231e+02 
   76   186  1.8595383821e+02 
   76   187  1.8695575052e+02 
   76   188  1.8795583821e+02 
   76   189  1.8895814752e+02 
   76   190  1.8995844702e+02 
   76   191  1.9096092972e+02 
   76   192  1.9196148073e+02 
   76   193  1.9296415163e+02 
   76   194  1.9396518213e+02 
   76   195  1.9496813540e+02 
   76   196  1.9596964040e+02 
   77   164  1.6399220440e+02 
   77   165  1.6498752230e+02 
   77   166  1.6598582220e+02 
   77   167  1.6698166520e+02 
   77   168  1.6797988160e+02 
   77   169  1.6897629528e+02 
   77   170  1.6997497110e+02 
   77   171  1.7097163040e+02 
   77   172  1.7197046110e+02 
   77   173  1.7296750215e+02 
   77   174  1.7396686130e+02 
   77   175  1.7496411321e+02 
   77   176  1.7596364922e+02 
   77   177  1.7696130221e+02 
   77   178  1.7796108221e+02 
   77   179  1.7895912212e+02 
   77   180  1.7995922923e+02 
   77   181  1.8095762528e+02 
   77   182  1.8195807623e+02 
   77   183  1.8295684627e+02 
   77   184  1.8395748030e+02 
   77   185  1.8495670030e+02 
   77   186  1.8595794618e+02 
   77   187  1.8695736370e+02 
   77   188  1.8795885380e+02 
   77   189  1.8895871914e+02 
   77   190  1.8996054602e+02 
   77   191  1.9096059402e+02 
   77   192  1.9196260502e+02 
   77   193  1.9296292642e+02 
   77   194  1.9396507842e+02 
   77   195  1.9496597962e+02 
   77   196  1.9596840040e+02 
   77   197  1.9696965322e+02 
   77   198  1.9797228210e+02 
   77   199  1.9897380040e+02 
   78   166  1.6599486540e+02 
   78   167  1.6699298440e+02 
   78   168  1.6798815220e+02 
   78   169  1.6898672220e+02 
   78   170  1.6998249520e+02 
   78   171  1.7098124090e+02 
   78   172  1.7197734714e+02 
   78   173  1.7297644060e+02 
   78   174  1.7397281913e+02 
   78   175  1.7497242120e+02 
   78   176  1.7596894515e+02 
   78   177  1.7696846916e+02 
   78   178  1.7796564912e+02 
   78   179  1.7896536310e+02 
   78   180  1.7996303112e+02 
   78   181  1.8096309716e+02 
   78   182  1.8196117117e+02 
   78   183  1.8296159717e+02 
   78   184  1.8395992219e+02 
   78   185  1.8496062040e+02 
   78   186  1.8595935123e+02 
   78   187  1.8696059030e+02 
   78   188  1.8795939560e+02 
   78   189  1.8896083412e+02 
   78   190  1.8995993260e+02 
   78   191  1.9096167750e+02 
   78   192  1.9196103803e+02 
   78   193  1.9296298742e+02 
   78   194  1.9396268039e+02 
   78   195  1.9496479119e+02 
   78   196  1.9596495159e+02 
   78   197  1.9696734029e+02 
   78   198  1.9796789330e+02 
   78   199  1.9897059330e+02 
   78   200  1.9997144122e+02 
   78   201  2.0097451050e+02 
   78   202  2.0197574320e+02 
   79   169  1.6899808320e+02 
   79   170  1.6999612220e+02 
   79   171  1.7099187928e+02 
   79   172  1.7199004170e+02 
   79   173  1.7298623728e+02 
   79   174  1.7398476110e+02 
   79   175  1.7498127050e+02 
   79   176  1.7598010110e+02 
   79   177  1.7697686514e+02 
   79   178  1.7797603060e+02 
   79   179  1.7897321318e+02 
   79   180  1.7997252123e+02 
   79   181  1.8097007921e+02 
   79   182  1.8196961822e+02 
   79   183  1.8296759311e+02 
   79   184  1.8396745224e+02 
   79   185  1.8496578928e+02 
   79   186  1.8596595323e+02 
   79   187  1.8696456827e+02 
   79   188  1.8796532422e+02 
   79   189  1.8896394822e+02 
   79   190  1.8996470017e+02 
   79   191  1.9096370040e+02 
   79   192  1.9196481317e+02 
   79   193  1.9296415011e+02 
   79   194  1.9396536511e+02 
   79   195  1.9496503461e+02 
   79   196  1.9596657030e+02 
   79   197  1.9696656876e+02 
   79   198  1.9796824236e+02 
   79   199  1.9896876526e+02 
   79   200  1.9997073050e+02 
   79   201  2.0097165730e+02 
   79   202  2.0197381180e+02 
   79   203  2.0297515530e+02 
   79   204  2.0397772220e+02 
   79   205  2.0497987320e+02 
   80   171  1.7100376320e+02 
   80   172  1.7199883220e+02 
   80   173  1.7299724220e+02 
   80   174  1.7399286421e+02 
   80   175  1.7499142110e+02 
   80   176  1.7598735515e+02 
   80   177  1.7698628080e+02 
   80   178  1.7798248314e+02 
   80   179  1.7898183429e+02 
   80   180  1.7997826615e+02 
   80   181  1.8097781917e+02 
   80   182  1.8197469010e+02 
   80   183  1.8297445090e+02 
   80   184  1.8397171311e+02 
   80   185  1.8497189917e+02 
   80   186  1.8596936212e+02 
   80   187  1.8696981415e+02 
   80   188  1.8796757712e+02 
   80   189  1.8896819040e+02 
   80   190  1.8996632217e+02 
   80   191  1.9096715724e+02 
   80   192  1.9196563417e+02 
   80   193  1.9296666517e+02 
   80   194  1.9396543913e+02 
   80   195  1.9496672025e+02 
   80   196  1.9596583330e+02 
   80   197  1.9696721330e+02 
   80   198  1.9796676904e+02 
   80   199  1.9896827994e+02 
   80   200  1.9996832604e+02 
   80   201  2.0097030236e+02 
   80   202  2.0197064306e+02 
   80   203  2.0297287252e+02 
   80   204  2.0397349394e+02 
   80   205  2.0497607340e+02 
   80   206  2.0597751422e+02 
   80   207  2.0698259160e+02 
   80   208  2.0798594320e+02 
   80   209  2.0899104210e+02 
   80   210  2.0999451320e+02 
   81   176  1.7600059210e+02 
   81   177  1.7699642727e+02 
   81   178  1.7799490120e+02 
   81   179  1.7899109050e+02 
   81   180  1.7998991130e+02 
   81   181  1.8098625710e+02 
   81   182  1.8198567080e+02 
   81   183  1.8298219310e+02 
   81   184  1.8398187050e+02 
   81   185  1.8497879060e+02 
   81   186  1.8597833200e+02 
   81   187  1.8697590690e+02 
   81   188  1.8797601040e+02 
   81   189  1.8897358812e+02 
   81   190  1.8997388050e+02 
   81   191  1.9097178680e+02 
   81   192  1.9197223030e+02 
   81   193  1.9297067120e+02 
   81   194  1.9397120150e+02 
   81   195  1.9496977415e+02 
   81   196  1.9597048113e+02 
   81   197  1.9696957518e+02 
   81   198  1.9797048090e+02 
   81   199  1.9896988030e+02 
   81   200  1.9997096360e+02 
   81   201  2.0097081916e+02 
   81   202  2.0197210616e+02 
   81   203  2.0297234421e+02 
   81   204  2.0397386351e+02 
   81   205  2.0497442751e+02 
   81   206  2.0597611031e+02 
   81   207  2.0697741960e+02 
   81   208  2.0798201872e+02 
   81   209  2.0898535980e+02 
   81   210  2.0999007412e+02 
   81   211  2.1099348220e+02 
   81   212  2.1199823320e+02 
   82   178  1.7800383026e+02 
   82   179  1.7900215210e+02 
   82   180  1.7999791822e+02 
   82   181  1.8099662100e+02 
   82   182  1.8199267215e+02 
   82   183  1.8299187030e+02 
   82   184  1.8398814215e+02 
   82   185  1.8498761017e+02 
   82   186  1.8598423912e+02 
   82   187  1.8698391890e+02 
   82   188  1.8798087411e+02 
   82   189  1.8898081040e+02 
   82   190  1.8997808213e+02 
   82   191  1.9097827040e+02 
   82   192  1.9197578514e+02 
   82   193  1.9297617050e+02 
   82   194  1.9397401219e+02 
   82   195  1.9497454225e+02 
   82   196  1.9597277415e+02 
   82   197  1.9697343160e+02 
   82   198  1.9797203416e+02 
   82   199  1.9897291728e+02 
   82   200  1.9997182712e+02 
   82   201  2.0097288524e+02 
   82   202  2.0197215990e+02 
   82   203  2.0297339170e+02 
   82   204  2.0397304361e+02 
   82   205  2.0497448181e+02 
   82   206  2.0597446531e+02 
   82   207  2.0697589691e+02 
   82   208  2.0797665211e+02 
   82   209  2.0898109012e+02 
   82   210  2.0998418852e+02 
   82   211  2.1098873703e+02 
   82   212  2.1199189752e+02 
   82   213  2.1299658180e+02 
   82   214  2.1399980543e+02 
   82   215  2.1500481440e+02 
   83   184  1.8400112140e+02 
   83   185  1.8499763060e+02 
   83   186  1.8599660080e+02 
   83   187  1.8699315816e+02 
   83   188  1.8799227050e+02 
   83   189  1.8898920060e+02 
   83   190  1.8998830200e+02 
   83   191  1.9098578680e+02 
   83   192  1.9198546040e+02 
   83   193  1.9298296010e+02 
   83   194  1.9398283050e+02 
   83   195  1.9498065160e+02 
   83   196  1.9598066726e+02 
   83   197  1.9697886490e+02 
   83   198  1.9797921030e+02 
   83   199  1.9897767213e+02 
   83   200  1.9997813226e+02 
   83   201  2.0097700916e+02 
   83   202  2.0197774222e+02 
   83   203  2.0297687623e+02 
   83   204  2.0397781328e+02 
   83   205  2.0497738980e+02 
   83   206  2.0597849980e+02 
   83   207  2.0697847073e+02 
   83   208  2.0797974222e+02 
   83   209  2.0898039872e+02 
   83   210  2.0998412042e+02 
   83   211  2.1098726960e+02 
   83   212  2.1199128572e+02 
   83   213  2.1299438550e+02 
   83   214  2.1399871212e+02 
   83   215  2.1500177016e+02 
   83   216  2.1600630612e+02 
   83   217  2.1700947210e+02 
   83   218  2.1801432390e+02 
   84   188  1.8799942221e+02 
   84   189  1.8899848124e+02 
   84   190  1.8999510114e+02 
   84   191  1.9099457412e+02 
   84   192  1.9199133513e+02 
   84   193  1.9299103040e+02 
   84   194  1.9398818613e+02 
   84   195  1.9498811040e+02 
   84   196  1.9598553514e+02 
   84   197  1.9698566050e+02 
   84   198  1.9798338919e+02 
   84   199  1.9898366625e+02 
   84   200  1.9998179915e+02 
   84   201  2.0098226060e+02 
   84   202  2.0198075816e+02 
   84   203  2.0298142028e+02 
   84   204  2.0398031812e+02 
   84   205  2.0498120321e+02 
   84   206  2.0598048190e+02 
   84   207  2.0698159370e+02 
   84   208  2.0798124572e+02 
   84   209  2.0898243042e+02 
   84   210  2.0998287371e+02 
   84   211  2.1098665321e+02 
   84   212  2.1198886801e+02 
   84   213  2.1299285730e+02 
   84   214  2.1399520142e+02 
   84   215  2.1499942003e+02 
   84   216  2.1600191502e+02 
   84   217  2.1700633570e+02 
   84   218  2.1800897303e+02 
   84   219  2.1901374390e+02 
   84   220  2.2001660390e+02 
   85   193  1.9299984060e+02 
   85   194  1.9399873200e+02 
   85   195  1.9499626810e+02 
   85   196  1.9599579060e+02 
   85   197  1.9699319050e+02 
   85   198  1.9799284050e+02 
   85   199  1.9899053050e+02 
   85   200  1.9999035126e+02 
   85   201  2.0098841790e+02 
   85   202  2.0198863030e+02 
   85   203  2.0298694213e+02 
   85   204  2.0398725126e+02 
   85   205  2.0498607416e+02 
   85   206  2.0598666722e+02 
   85   207  2.0698578423e+02 
   85   208  2.0798659028e+02 
   85   209  2.0898617380e+02 
   85   210  2.0998714880e+02 
   85   211  2.1098749633e+02 
   85   212  2.1199074580e+02 
   85   213  2.1299293750e+02 
   85   214  2.1399637250e+02 
   85   215  2.1499865370e+02 
   85   216  2.1600242340e+02 
   85   217  2.1700471950e+02 
   85   218  2.1800869412e+02 
   85   219  2.1901116240e+02 
   85   220  2.2001541060e+02 
   85   221  2.2101805210e+02 
   85   222  2.2202233320e+02 
   85   223  2.2302519430e+02 
   86   195  1.9500544050e+02 
   86   196  1.9600211516e+02 
   86   197  1.9700158070e+02 
   86   198  1.9799867914e+02 
   86   199  1.9899837070e+02 
   86   200  1.9999569914e+02 
   86   201  2.0099563080e+02 
   86   202  2.0199326319e+02 
   86   203  2.0299338725e+02 
   86   204  2.0399142916e+02 
   86   205  2.0499172050e+02 
   86   206  2.0599021416e+02 
   86   207  2.0699073428e+02 
   86   208  2.0798964212e+02 
   86   209  2.0899041521e+02 
   86   210  2.0998969690e+02 
   86   211  2.1099060170e+02 
   86   212  2.1199070430e+02 
   86   213  2.1299388360e+02 
   86   214  2.1399536310e+02 
   86   215  2.1499874580e+02 
   86   216  2.1600027480e+02 
   86   217  2.1700392850e+02 
   86   218  2.1800560132e+02 
   86   219  2.1900948023e+02 
   86   220  2.2001139402e+02 
   86   221  2.2101553760e+02 
   86   222  2.2201757772e+02 
   86   223  2.2302179320e+02 
   86   224  2.2402409320e+02 
   86   225  2.2502844320e+02 
   86   226  2.2603089430e+02 
   86   227  2.2703541450e+02 
   86   228  2.2803799440e+02 
   87   199  1.9900726040e+02 
   87   200  2.0000657080e+02 
   87   201  2.0100386080e+02 
   87   202  2.0200337050e+02 
   87   203  2.0300092517e+02 
   87   204  2.0400065326e+02 
   87   205  2.0499859480e+02 
   87   206  2.0599867030e+02 
   87   207  2.0699695050e+02 
   87   208  2.0799714050e+02 
   87   209  2.0899595416e+02 
   87   210  2.0999640824e+02 
   87   211  2.1099553723e+02 
   87   212  2.1199620228e+02 
   87   213  2.1299618980e+02 
   87   214  2.1399897190e+02 
   87   215  2.1500034180e+02 
   87   216  2.1600319815e+02 
   87   217  2.1700463270e+02 
   87   218  2.1800757850e+02 
   87   219  2.1900925280e+02 
   87   220  2.2001232740e+02 
   87   221  2.2101425550e+02 
   87   222  2.2201755223e+02 
   87   223  2.2301973593e+02 
   87   224  2.2402325050e+02 
   87   225  2.2502557030e+02 
   87   226  2.2602939110e+02 
   87   227  2.2703184110e+02 
   87   228  2.2803573220e+02 
   87   229  2.2903845040e+02 
   87   230  2.3004251480e+02 
   87   231  2.3104544500e+02 
   87   232  2.3204977690e+02 
   88   202  2.0200989070e+02 
   88   203  2.0300927090e+02 
   88   204  2.0400650017e+02 
   88   205  2.0500627090e+02 
   88   206  2.0600382719e+02 
   88   207  2.0700380060e+02 
   88   208  2.0800184017e+02 
   88   209  2.0900199050e+02 
   88   210  2.1000049516e+02 
   88   211  2.1100089828e+02 
   88   212  2.1199979412e+02 
   88   213  2.1300038422e+02 
   88   214  2.1400010810e+02 
   88   215  2.1500272080e+02 
   88   216  2.1600353390e+02 
   88   217  2.1700632090e+02 
   88   218  2.1800714012e+02 
   88   219  2.1901008590e+02 
   88   220  2.2001102810e+02 
   88   221  2.2101391750e+02 
   88   222  2.2201537550e+02 
   88   223  2.2301850223e+02 
   88   224  2.2402021182e+02 
   88   225  2.2502361230e+02 
   88   226  2.2602540982e+02 
   88   227  2.2702917783e+02 
   88   228  2.2803107033e+02 
   88   229  2.2903495820e+02 
   88   230  2.3003705613e+02 
   88   231  2.3104122320e+02 
   88   232  2.3204364300e+02 
   88   233  2.3304806500e+02 
   88   234  2.3405070530e+02 
   89   206  2.0601450080e+02 
   89   207  2.0701195060e+02 
   89   208  2.0801155060e+02 
   89   209  2.0900949050e+02 
   89   210  2.1000944060e+02 
   89   211  2.1100773080e+02 
   89   212  2.1200781070e+02 
   89   213  2.1300661060e+02 
   89   214  2.1400690224e+02 
   89   215  2.1500645423e+02 
   89   216  2.1600872029e+02 
   89   217  2.1700934714e+02 
   89   218  2.1801164050e+02 
   89   219  2.1901242050e+02 
   89   220  2.2001476316e+02 
   89   221  2.2101559050e+02 
   89   222  2.2201784460e+02 
   89   223  2.2301913780e+02 
   89   224  2.2402172340e+02 
   89   225  2.2502323050e+02 
   89   226  2.2602609840e+02 
   89   227  2.2702775213e+02 
   89   228  2.2803102113e+02 
   89   229  2.2903302040e+02 
   89   230  2.3003629320e+02 
   89   231  2.3103856110e+02 
   89   232  2.3204203110e+02 
   89   233  2.3304455320e+02 
   89   234  2.3404842430e+02 
   89   235  2.3505123380e+02 
   89   236  2.3605530540e+02 
   90   209  2.0901772110e+02 
   90   210  2.1001507527e+02 
   90   211  2.1101493080e+02 
   90   212  2.1201298020e+02 
   90   213  2.1301301080e+02 
   90   214  2.1401150018e+02 
   90   215  2.1501173029e+02 
   90   216  2.1601106214e+02 
   90   217  2.1701311422e+02 
   90   218  2.1801328414e+02 
   90   219  2.1901554050e+02 
   90   220  2.2001574824e+02 
   90   221  2.2101818410e+02 
   90   222  2.2201846813e+02 
   90   223  2.2302081110e+02 
   90   224  2.2402146712e+02 
   90   225  2.2502395150e+02 
   90   226  2.2602490350e+02 
   90   227  2.2702770413e+02 
   90   228  2.2802874112e+02 
   90   229  2.2903176230e+02 
   90   230  2.3003313382e+02 
   90   231  2.3103630432e+02 
   90   232  2.3203805532e+02 
   90   233  2.3304158182e+02 
   90   234  2.3404360140e+02 
   90   235  2.3504751050e+02 
   90   236  2.3604987210e+02 
   90   237  2.3705389390e+02 
   90   238  2.3805650300e+02 
   91   212  2.1202320080e+02 
   91   213  2.1302111080e+02 
   91   214  2.1402092080e+02 
   91   215  2.1501919090e+02 
   91   216  2.1601911080e+02 
   91   217  2.1701832060e+02 
   91   218  2.1802004226e+02 
   91   219  2.1901988060e+02 
   91   220  2.2002188060e+02 
   91   221  2.2102188060e+02 
   91   222  2.2202374080e+02 
   91   223  2.2302396080e+02 
   91   224  2.2402562617e+02 
   91   225  2.2502613080e+02 
   91   226  2.2602794812e+02 
   91   227  2.2702880580e+02 
   91   228  2.2803105150e+02 
   91   229  2.2903209683e+02 
   91   230  2.3003454140e+02 
   91   231  2.3103588402e+02 
   91   232  2.3203859280e+02 
   91   233  2.3304024732e+02 
   91   234  2.3404330850e+02 
   91   235  2.3504544050e+02 
   91   236  2.3604868210e+02 
   91   237  2.3705115110e+02 
   91   238  2.3805450060e+02 
   91   239  2.3905726210e+02 
   91   240  2.4006098320e+02 
   92   217  2.1702437090e+02 
   92   218  2.1802354030e+02 
   92   219  2.1902492060e+02 
   92   220  2.2002472220e+02 
   92   221  2.2102640110e+02 
   92   222  2.2202609110e+02 
   92   223  2.2302774080e+02 
   92   224  2.2402760527e+02 
   92   225  2.2502939112e+02 
   92   226  2.2602933914e+02 
   92   227  2.2703115618e+02 
   92   228  2.2803137416e+02 
   92   229  2.2903350660e+02 
   92   230  2.3003394050e+02 
   92   231  2.3103629430e+02 
   92   232  2.3203715622e+02 
   92   233  2.3303963523e+02 
   92   234  2.3404095212e+02 
   92   235  2.3504392992e+02 
   92   236  2.3604556802e+02 
   92   237  2.3704873022e+02 
   92   238  2.3805078822e+02 
   92   239  2.3905429332e+02 
   92   240  2.4005659260e+02 
   92   241  2.4106033320e+02 
   92   242  2.4206293220e+02 
   93   225  2.2503391080e+02 
   93   226  2.2603515100e+02 
   93   227  2.2703496080e+02 
   93   228  2.2803618210e+02 
   93   229  2.2903626090e+02 
   93   230  2.3003783060e+02 
   93   231  2.3103825050e+02 
   93   232  2.3204011110e+02 
   93   233  2.3304074050e+02 
   93   234  2.3404289590e+02 
   93   235  2.3504406332e+02 
   93   236  2.3604657050e+02 
   93   237  2.3704817342e+02 
   93   238  2.3805094642e+02 
   93   239  2.3905293902e+02 
   93   240  2.4005616216e+02 
   93   241  2.4105825080e+02 
   93   242  2.4206164210e+02 
   93   243  2.4306428030e+02 
   93   244  2.4406785320e+02 
   94   228  2.2803874030e+02 
   94   229  2.2904015060e+02 
   94   230  2.3003965016e+02 
   94   231  2.3104110128e+02 
   94   232  2.3204118719e+02 
   94   233  2.3304300050e+02 
   94   234  2.3404331770e+02 
   94   235  2.3504528622e+02 
   94   236  2.3604605802e+02 
   94   237  2.3704840972e+02 
   94   238  2.3804955992e+02 
   94   239  2.3905216342e+02 
   94   240  2.4005381352e+02 
   94   241  2.4105685152e+02 
   94   242  2.4205874262e+02 
   94   243  2.4306200330e+02 
   94   244  2.4406420450e+02 
   94   245  2.4506774715e+02 
   94   246  2.4607020516e+02 
   94   247  2.4707407320e+02 
   95   231  2.3104556320e+02 
   95   232  2.3204659320e+02 
   95   233  2.3304635110e+02 
   95   234  2.3404781220e+02 
   95   235  2.3504795130e+02 
   95   236  2.3604958110e+02 
   95   237  2.3705000060e+02 
   95   238  2.3805198050e+02 
   95   239  2.3905302453e+02 
   95   240  2.4005530015e+02 
   95   241  2.4105682912e+02 
   95   242  2.4205954922e+02 
   95   243  2.4306138112e+02 
   95   244  2.4406428482e+02 
   95   245  2.4506645240e+02 
   95   246  2.4606977520e+02 
   95   247  2.4707209110e+02 
   95   248  2.4807575220e+02 
   95   249  2.4907848320e+02 
   96   233  2.3305077080e+02 
   96   234  2.3405016020e+02 
   96   235  2.3505143220e+02 
   96   236  2.3605141220e+02 
   96   237  2.3705290220e+02 
   96   238  2.3805303040e+02 
   96   239  2.3905496110e+02 
   96   240  2.4005552952e+02 
   96   241  2.4105765302e+02 
   96   242  2.4205883582e+02 
   96   243  2.4306138912e+02 
   96   244  2.4406275262e+02 
   96   245  2.4506549122e+02 
   96   246  2.4606722372e+02 
   96   247  2.4707035450e+02 
   96   248  2.4807234950e+02 
   96   249  2.4907595350e+02 
   96   250  2.5007835712e+02 
   96   251  2.5108228524e+02 
   96   252  2.5208487320e+02 
   97   235  2.3505658430e+02 
   97   236  2.3605733430e+02 
   97   237  2.3705700240e+02 
   97   238  2.3805828310e+02 
   97   239  2.3905828250e+02 
   97   240  2.4005976160e+02 
   97   241  2.4106023220e+02 
   97   242  2.4206198220e+02 
   97   243  2.4306300850e+02 
   97   244  2.4406518116e+02 
   97   245  2.4506636163e+02 
   97   246  2.4606867060e+02 
   97   247  2.4707030760e+02 
   97   248  2.4807309080e+02 
   97   249  2.4907498673e+02 
   97   250  2.5007831740e+02 
   97   251  2.5108076012e+02 
   97   252  2.5208431220e+02 
   97   253  2.5308688390e+02 
   97   254  2.5409060320e+02 
   98   237  2.3706207540e+02 
   98   238  2.3806141430e+02 
   98   239  2.3906242230e+02 
   98   240  2.4006230220e+02 
   98   241  2.4106373270e+02 
   98   242  2.4206370040e+02 
   98   243  2.4306543150e+02 
   98   244  2.4406600130e+02 
   98   245  2.4506804930e+02 
   98   246  2.4606880532e+02 
   98   247  2.4707100190e+02 
   98   248  2.4807218560e+02 
   98   249  2.4907485352e+02 
   98   250  2.5007640612e+02 
   98   251  2.5107958750e+02 
   98   252  2.5208162650e+02 
   98   253  2.5308513370e+02 
   98   254  2.5408732313e+02 
   98   255  2.5509105220e+02 
   98   256  2.5609344320e+02 
   99   240  2.4006892430e+02 
   99   241  2.4106854240e+02 
   99   242  2.4206975350e+02 
   99   243  2.4306955250e+02 
   99   244  2.4407088200e+02 
   99   245  2.4507132220e+02 
   99   246  2.4607290240e+02 
   99   247  2.4707366030e+02 
   99   248  2.4807547060e+02 
   99   249  2.4907641030e+02 
   99   250  2.5007861110e+02 
   99   251  2.5107999270e+02 
   99   252  2.5208298050e+02 
   99   253  2.5308482473e+02 
   99   254  2.5408802250e+02 
   99   255  2.5509027312e+02 
   99   256  2.5609360110e+02 
   99   257  2.5709598440e+02 
   99   258  2.5809952320e+02 
  100   242  2.4207343430e+02 
  100   243  2.4307435230e+02 
  100   244  2.4407408300e+02 
  100   245  2.4507539300e+02 
  100   246  2.4607530040e+02 
  100   247  2.4707685150e+02 
  100   248  2.4807719513e+02 
  100   249  2.4907903110e+02 
  100   250  2.5007952113e+02 
  100   251  2.5108157590e+02 
  100   252  2.5208246760e+02 
  100   253  2.5308518540e+02 
  100   254  2.5408685423e+02 
  100   255  2.5508996250e+02 
  100   256  2.5609177380e+02 
  100   257  2.5709510570e+02 
  100   258  2.5809708220e+02 
  100   259  2.5910060300e+02 
  100   260  2.6010268540e+02 
  101   245  2.4508083350e+02 
  101   246  2.4608189350e+02 
  101   247  2.4708164350e+02 
  101   248  2.4808282260e+02 
  101   249  2.4908301240e+02 
  101   250  2.5008442320e+02 
  101   251  2.5108484220e+02 
  101   252  2.5208656210e+02 
  101   253  2.5308728220e+02 
  101   254  2.5408966110e+02 
  101   255  2.5509108370e+02 
  101   256  2.5609406060e+02 
  101   257  2.5709554130e+02 
  101   258  2.5809843150e+02 
  101   259  2.5910051220e+02 
  101   260  2.6010365340e+02 
  101   261  2.6110572700e+02 
  101   262  2.6210887630e+02 
  102   248  2.4808660320e+02 
  102   249  2.4908783370e+02 
  102   250  2.5008751220e+02 
  102   251  2.5108901190e+02 
  102   252  2.5208897714e+02 
  102   253  2.5309068110e+02 
  102   254  2.5409095519e+02 
  102   255  2.5509324111e+02 
  102   256  2.5609428380e+02 
  102   257  2.5709687723e+02 
  102   258  2.5809821220e+02 
  102   259  2.5910103110e+02 
  102   260  2.6010264220e+02 
  102   261  2.6110575320e+02 
  102   262  2.6210730480e+02 
  102   263  2.6311055530e+02 
  102   264  2.6411235690e+02 
  103   251  2.5109436320e+02 
  103   252  2.5209537270e+02 
  103   253  2.5309521240e+02 
  103   254  2.5409645360e+02 
  103   255  2.5509668220e+02 
  103   256  2.5609863240e+02 
  103   257  2.5709956220e+02 
  103   258  2.5810181110e+02 
  103   259  2.5910290080e+02 
  103   260  2.6010550120e+02 
  103   261  2.6110688220e+02 
  103   262  2.6210963220e+02 
  103   263  2.6311129390e+02 
  103   264  2.6411404470e+02 
  103   265  2.6511584770e+02 
  103   266  2.6611931700e+02 
  104   253  2.5310069490e+02 
  104   254  2.5410018310e+02 
  104   255  2.5510134190e+02 
  104   256  2.5610116626e+02 
  104   257  2.5710299110e+02 
  104   258  2.5810349220e+02 
  104   259  2.5910564080e+02 
  104   260  2.6010644220e+02 
  104   261  2.6110877030e+02 
  104   262  2.6210993300e+02 
  104   263  2.6311255200e+02 
  104   264  2.6411399480e+02 
  104   265  2.6511670460e+02 
  104   266  2.6611796580e+02 
  104   267  2.6712153620e+02 
  104   268  2.6812364760e+02 
  105   255  2.5510740450e+02 
  105   256  2.5610813310e+02 
  105   257  2.5710772240e+02 
  105   258  2.5810923370e+02 
  105   259  2.5910961230e+02 
  105   260  2.6011130250e+02 
  105   261  2.6111206250e+02 
  105   262  2.6211408200e+02 
  105   263  2.6311499180e+02 
  105   264  2.6411740250e+02 
  105   265  2.6511860300e+02 
  105   266  2.6612103390e+02 
  105   267  2.6712238500e+02 
  105   268  2.6812545570e+02 
  105   269  2.6912746830e+02 
  105   270  2.7013071770e+02 
  106   258  2.5811317450e+02 
  106   259  2.5911450190e+02 
  106   260  2.6011442040e+02 
  106   261  2.6111612140e+02 
  106   262  2.6211640300e+02 
  106   263  2.6311832130e+02 
  106   264  2.6411893300e+02 
  106   265  2.6512111060e+02 
  106   266  2.6612207310e+02 
  106   267  2.6712443290e+02 
  106   268  2.6812561580e+02 
  106   269  2.6912876700e+02 
  106   270  2.7013033660e+02 
  106   271  2.7113347700e+02 
  106   272  2.7213516820e+02 
  106   273  2.7313822710e+02 
  107   260  2.6012197620e+02 
  107   261  2.6112166250e+02 
  107   262  2.6212289370e+02 
  107   263  2.6312304390e+02 
  107   264  2.6412460300e+02 
  107   265  2.6512515410e+02 
  107   266  2.6612694220e+02 
  107   267  2.6712765280e+02 
  107   268  2.6812976410e+02 
  107   269  2.6913069440e+02 
  107   270  2.7013362500e+02 
  107   271  2.7113518600e+02 
  107   272  2.7213803650e+02 
  107   273  2.7313962890e+02 
  107   274  2.7414244840e+02 
  107   275  2.7514425700e+02 
  108   263  2.6312856370e+02 
  108   264  2.6412839050e+02 
  108   265  2.6513009150e+02 
  108   266  2.6613010310e+02 
  108   267  2.6713179110e+02 
  108   268  2.6813216440e+02 
  108   269  2.6913406130e+02 
  108   270  2.7013465310e+02 
  108   271  2.7113766360e+02 
  108   272  2.7213905620e+02 
  108   273  2.7314199890e+02 
  108   274  2.7414313700e+02 
  108   275  2.7514595770e+02 
  108   276  2.7614721890e+02 
  108   277  2.7714984780e+02 
  109   265  2.6513615500e+02 
  109   266  2.6613730370e+02 
  109   267  2.6713731580e+02 
  109   268  2.6813873340e+02 
  109   269  2.6913906590e+02 
  109   270  2.7014066580e+02 
  109   271  2.7114114610e+02 
  109   272  2.7214374520e+02 
  109   273  2.7314491550e+02 
  109   274  2.7414749600e+02 
  109   275  2.7514865640e+02 
  109   276  2.7615116730e+02 
  109   277  2.7715242950e+02 
  109   278  2.7815481900e+02 
  109   279  2.7915619770e+02 
  110   267  2.6714434390e+02 
  110   268  2.6814380540e+02 
  110   269  2.6914512150e+02 
  110   270  2.7014472310e+02 
  110   271  2.7114606110e+02 
  110   272  2.7214632700e+02 
  110   273  2.7314886140e+02 
  110   274  2.7414949530e+02 
  110   275  2.7515218480e+02 
  110   276  2.7615303650e+02 
  110   277  2.7715565104e+02 
  110   278  2.7815647730e+02 
  110   279  2.7915886800e+02 
  110   280  2.8015980910e+02 
  110   281  2.8116206780e+02 
  111   272  2.7215362360e+02 
  111   273  2.7315368650e+02 
  111   274  2.7415571660e+02 
  111   275  2.7515614740e+02 
  111   276  2.7615849670e+02 
  111   277  2.7715952660e+02 
  111   278  2.7816160680e+02 
  111   279  2.7916247710e+02 
  111   280  2.8016447800e+02 
  111   281  2.8116537100e+02 
  111   282  2.8216749950e+02 
  111   283  2.8316842840e+02 
  112   277  2.7716394140e+02 
  112   278  2.7816431570e+02 
  112   279  2.7916655530e+02 
  112   280  2.8016704690e+02 
  112   281  2.8116929106e+02 
  112   282  2.8216977760e+02 
  112   283  2.8317179830e+02 
  112   284  2.8417238910e+02 
  112   285  2.8517411780e+02 
  113   283  2.8317645780e+02 
  113   284  2.8417808860e+02 
  113   285  2.8517873105e+02 
  113   286  2.8618048101e+02 
  113   287  2.8718105900e+02 
  114   285  2.8518370111e+02 
  114   286  2.8618386830e+02 
  114   287  2.8718560830e+02 
  114   288  2.8818569910e+02 
  114   289  2.8918728790e+02 
  115   287  2.8719119850e+02 
  115   288  2.8819249920e+02 
  115   289  2.8919272110e+02 
  115   290  2.9019414106e+02 
  115   291  2.9119438950e+02 
  116   289  2.8919886117e+02 
  116   290  2.9019859910e+02 
  116   291  2.9120001910e+02 
  116   292  2.9219979920e+02 
  117   291  2.9120656950e+02 
  117   292  2.9220755101e+02 
  118   293  2.9321467129e+02 
